episode,score,average_score,steps,total_steps
0,-315.61371913858267,-315.61371913858267,97,97
1,-441.3930084764613,-378.50336380752196,96,193
2,-201.49536198055475,-319.50069653186625,119,312
3,-98.03164747005492,-264.1334342664134,105,417
4,-215.09082161743225,-254.3249117366172,85,502
5,-24.818134808705466,-216.07378224863191,69,571
6,-177.37268823707535,-210.54505453269527,88,659
7,-113.89351989496313,-198.46361270297874,83,742
8,-102.68162506570967,-187.82116963217106,88,830
9,-122.66358842419953,-181.3054115113739,72,902
10,-100.87934386192069,-173.99395081596907,102,1004
11,-228.7383552662995,-178.55598452016326,99,1103
12,-271.50207197643454,-185.70568355526106,118,1221
13,-277.58590735180957,-192.26855668358596,94,1315
14,-340.3960409455194,-202.14372230104817,65,1380
15,-335.2511811759696,-210.4629384807308,91,1471
16,-109.73382907475596,-204.5376967509676,86,1557
17,-131.0185061153073,-200.4532972712087,97,1654
18,-173.10996484578314,-199.01417451197577,71,1725
19,-276.6567481513732,-202.89630319394564,118,1843
20,-115.39964203315317,-198.7297955196222,86,1929
21,-144.87476217617476,-196.28183945855642,119,2048
22,-172.87304424452037,-195.26406575359832,80,2128
23,-250.96050193387595,-197.5847505944432,106,2234
24,-278.3135819763585,-200.8139038497198,88,2322
25,-112.47867667338262,-197.41639511216835,83,2405
26,-139.26841201242,-195.26276610847398,115,2520
27,-25.687993167078233,-189.20652421770984,69,2589
28,-158.4487379439219,-188.14591089792404,82,2671
29,-246.55729474193782,-190.09295702605783,110,2781
30,-277.8289360513427,-192.92314989784123,93,2874
31,-214.54361234124752,-193.59878934919766,97,2971
32,-112.05394451600573,-191.12773344516154,82,3053
33,-114.42037359892439,-188.87163462615456,87,3140
34,-244.91149935740717,-190.47277361847605,80,3220
35,-237.10139192498394,-191.76801301587906,113,3333
36,-336.1918322435031,-195.67135948149053,91,3424
37,-96.51681620645805,-193.06202939530544,87,3511
38,-234.17970169287506,-194.1163286849867,92,3603
39,-143.2441629681934,-192.8445245420669,119,3722
40,-155.0887437934207,-191.9236518408804,63,3785
41,-268.3121642303039,-193.7424259453905,132,3917
42,-372.02870083583275,-197.88861838470308,110,4027
43,-87.77788069544508,-195.3861016190381,81,4108
44,-488.0200417604101,-201.88907806662417,109,4217
45,-308.3058567910888,-204.20248629976467,72,4289
46,-101.00337697782679,-202.0067605695107,143,4432
47,-241.83206524482978,-202.8364544169132,90,4522
48,-109.20454539514397,-200.92559913075465,97,4619
49,-28.649255481766644,-197.48007225777488,79,4698
50,-109.7800480579329,-195.76046394013093,80,4778
51,-50.11757036678641,-192.95963906372046,74,4852
52,-128.84138310656806,-191.74986064943457,89,4941
53,-35.4815192256214,-188.8560024749195,100,5041
54,-348.27482867140316,-191.75452658758286,113,5154
55,-129.00457482060713,-190.63399173460115,89,5243
56,-154.28072973953297,-189.99621520837192,67,5310
57,-90.2033672110609,-188.2756488635907,80,5390
58,-82.82034670273853,-186.48827086086436,67,5457
59,-298.4763012534087,-188.35473803407345,81,5538
60,-111.90703654766804,-187.1014970260996,64,5602
61,-91.80685220866029,-185.5644866258183,90,5692
62,-140.2535504402755,-184.84526541652397,100,5792
63,-75.55061328344266,-183.13753647694455,70,5862
64,-113.35073246036717,-182.06389333822796,61,5923
65,-98.23743709323072,-180.79379551633406,62,5985
66,-118.50598989518407,-179.86412677571988,88,6073
67,-321.0469544212848,-181.94034482933114,97,6170
68,-133.57395696114932,-181.239382686314,87,6257
69,-260.80201309913394,-182.37599169221141,155,6412
70,-397.08988636687604,-185.4001310538264,91,6503
71,-130.1233821218881,-184.63239842977177,103,6606
72,-245.0448403000619,-185.45996612662506,126,6732
73,-164.02172073241383,-185.17026010778437,120,6852
74,-88.38678351325822,-183.8798137531907,93,6945
75,-282.01466196004685,-185.1710617559125,113,7058
76,-95.40472481002618,-184.00526517219967,73,7131
77,-254.47035925390153,-184.90866381427278,107,7238
78,-82.17735350062628,-183.60826748118865,69,7307
79,-37.13384068977442,-181.77733714629593,69,7376
80,-179.21337289036495,-181.7456832665931,125,7501
81,-159.4720798166299,-181.47405395622766,126,7627
82,-280.1632970746207,-182.66308098175048,103,7730
83,-338.3488004008176,-184.51648240340606,105,7835
84,-84.88340889370176,-183.34432859740951,113,7948
85,-111.86283153659899,-182.513148399028,110,8058
86,-282.31891982649313,-183.66034117405636,73,8131
87,-59.30354124781195,-182.24719572034903,75,8206
88,-472.82020457292913,-185.51206098835556,102,8308
89,-60.65921414325408,-184.12480713452112,78,8386
90,-157.03277284813782,-183.8270924720334,112,8498
91,-77.3797134545174,-182.67005574358214,114,8612
92,-96.57993794837415,-181.7443555522358,64,8676
93,-286.05828945536007,-182.85407825333286,101,8777
94,-160.51574103579298,-182.61893786156926,82,8859
95,-136.77836593885962,-182.14143190404104,79,8938
96,-338.304904613309,-183.751364612384,99,9037
97,-205.27365714918233,-183.9709798423513,80,9117
98,-98.68600754492901,-183.1095154757107,135,9252
99,-68.06865281402773,-181.95910684909387,107,9359
100,-147.3843668956619,-180.2768133266647,63,9422
101,-352.1105944767935,-179.383989186668,90,9512
102,-138.09849487621855,-178.75002051562467,84,9596
103,-227.14753828862297,-180.04117942381035,135,9731
104,-208.046646806723,-179.97073767570328,91,9822
105,-206.7995567612959,-181.79055189522919,132,9954
106,-256.60106837021635,-182.5828356965605,78,10032
107,-160.00208397809183,-183.04392133739185,70,10102
108,-85.13376090660196,-182.86844269580072,59,10161
109,-103.73918327963236,-182.67919864435507,109,10270
110,-39.813443132005276,-182.06853963705592,70,10340
111,-184.16641429827519,-181.62282022737566,93,10433
112,-110.84259910902506,-180.01622549870157,137,10570
113,-143.34507404052533,-178.67381716558873,83,10653
114,-269.6929439417063,-177.96678619555058,110,10763
115,-182.9745681872572,-176.44402006566347,71,10834
116,-268.2935743873808,-178.0296175187897,91,10925
117,-59.012069648868675,-177.30955315412538,79,11004
118,-88.9296798774107,-176.4677503044416,106,11110
119,-128.18961780656656,-174.9830790009936,76,11186
120,-396.7961599864312,-177.79704418052634,92,11278
121,-211.24051034417255,-178.46070166220633,101,11379
122,-318.9430044597233,-179.92140126435837,120,11499
123,-134.97435792163787,-178.76153982423602,107,11606
124,-162.28316372336457,-177.60123564170604,97,11703
125,-160.1952088988353,-178.07840096396055,77,11780
126,-13.461467677456383,-176.82033152061092,73,11853
127,-142.43940105830654,-177.9878455995232,81,11934
128,-96.62189836476814,-177.36957720373164,94,12028
129,-85.4968597813286,-175.75897285412555,80,12108
130,-61.42291392341747,-173.59491263284627,72,12180
131,-100.43564165382311,-172.45383292597202,65,12245
132,-63.10091705139313,-171.96430265132594,88,12333
133,-125.24154421509664,-172.07251435748765,87,12420
134,-363.7984429833172,-173.26138379374675,88,12508
135,-93.32652246567656,-171.82363509915365,66,12574
136,-116.2973676112735,-169.62469045283137,116,12690
137,-61.63135858720297,-169.2758358766388,115,12805
138,-251.52621955196295,-169.4493010552297,113,12918
139,-237.19671835016126,-170.3888266090494,105,13023
140,-119.53268897869197,-170.03326606090212,97,13120
141,-146.33033087972655,-168.8134477273963,89,13209
142,-266.35179152990133,-167.75667863433705,68,13277
143,-118.05862926084805,-168.05948611999105,92,13369
144,-276.34152143162214,-165.9427009167032,71,13440
145,-120.99086557037121,-164.069551004496,97,13537
146,-122.88051466063588,-164.28832238132406,91,13628
147,-138.00645702516624,-163.25006629912744,82,13710
148,-84.86353091572563,-163.00665615433326,68,13778
149,-109.34294824833488,-163.81359308199896,65,13843
150,-89.97323191014974,-163.61552492052112,61,13904
151,-502.96241702905843,-168.1439733871438,112,14016
152,-82.59958501231898,-167.68155540620134,97,14113
153,-28.293043404755835,-167.6096706479927,66,14179
154,-131.83167848321838,-165.44523914611082,89,14268
155,-111.90059849714588,-165.27419938287622,76,14344
156,-81.25268389328512,-164.54391892441373,89,14433
157,-227.48333700147805,-165.9167186223179,77,14510
158,-360.3555356180178,-168.6920705114707,91,14601
159,-96.80999002225086,-166.67540739915916,73,14674
160,-263.5560474312259,-168.19189750799472,89,14763
161,-105.56421456434187,-168.32947113155154,92,14855
162,-78.85715035079942,-167.71550713065682,112,14967
163,-226.01925449281248,-169.2201935427505,126,15093
164,-153.39387554363685,-169.6206249735832,70,15163
165,-164.79385739972014,-170.28618917664807,94,15257
166,-108.54821519064964,-170.18661142960275,74,15331
167,-443.7224730341088,-171.41336661573095,83,15414
168,-288.07804938456746,-172.95840753996515,119,15533
169,-153.1822833556036,-171.88221024252982,66,15599
170,-144.52009097556456,-169.35651228861676,92,15691
171,-111.35427037921366,-169.16882117119,92,15783
172,-102.11744231749574,-167.73954719136435,66,15849
173,-300.2013114215032,-169.10134309825523,95,15944
174,-130.60509013513553,-169.52352616447402,55,15999
175,-231.52990197078333,-169.01867856458136,135,16134
176,-137.93005267393005,-169.4439318432204,137,16271
177,-96.95502107247083,-167.86877846140607,86,16357
178,-81.4393795605811,-167.86139872200565,74,16431
179,-28.477125891139238,-167.77483157401926,97,16528
180,-100.49676460476022,-166.9876654911632,128,16656
181,-154.2902252823825,-166.93584694582074,125,16781
182,-210.66618432177495,-166.24087581829227,92,16873
183,-284.25539639543774,-165.69994177823847,128,17001
184,-406.4697262702647,-168.91580495200412,99,17100
185,-237.33983586965886,-170.17057499533468,79,17179
186,-430.3736665881355,-171.65112246295112,121,17300
187,-108.2442138560589,-172.14052918903363,126,17426
188,-168.87027555921108,-169.1010298988964,74,17500
189,-103.72172140609896,-169.5316549715249,89,17589
190,-91.3695494939483,-168.875022737983,77,17666
191,-134.694505482574,-169.44817065826356,111,17777
192,-202.8206970268318,-170.51057824904817,118,17895
193,-13.699745511810946,-167.78699280961263,92,17987
194,-205.31684620368642,-168.2350038612916,88,18075
195,-215.38133128698496,-169.02103351477282,123,18198
196,-278.2777153911595,-168.42076162255134,132,18330
197,-296.75881231259035,-169.33561317418537,105,18435
198,-172.28821031796593,-170.07163520191577,90,18525
199,-38.08561511533523,-169.77180482492884,122,18647
200,-27.9317920523074,-168.5772790764953,113,18760
201,-149.9316366175287,-166.55548949790267,120,18880
202,-14.066043546487478,-165.31516498460536,128,19008
203,-214.87454208134955,-165.19243502253264,97,19105
204,-94.76611206920253,-164.05962967515742,106,19211
205,-235.17041730879544,-164.34333828063242,81,19292
206,-300.9716269650487,-164.78704386658072,100,19392
207,-234.17713819339124,-165.52879440873375,81,19473
208,-138.87594189407264,-166.06621621860842,76,19549
209,-229.30611826866442,-167.32188556849877,133,19682
210,-103.56743219641402,-167.95942545914284,77,19759
211,-142.24076036317655,-167.54016891979188,75,19834
212,-83.95584724895727,-167.27130140119118,94,19928
213,-260.5124960020888,-168.44297562080683,125,20053
214,-153.09724675534733,-167.27701864894323,111,20164
215,-160.598572375993,-167.0532586908306,137,20301
216,-82.4363824710528,-165.19468677166734,63,20364
217,-395.5055214262941,-168.5596212894416,132,20496
218,-121.4910333272993,-168.8852348239405,71,20567
219,-398.99206712570754,-171.59325931713184,90,20657
220,-130.45732831274154,-168.92987100039497,84,20741
221,-108.61881144170857,-167.90365401137035,85,20826
222,-181.43360787283913,-166.52856004550142,96,20922
223,-210.3843641912028,-167.28266010819712,96,21018
224,-14.949606949363158,-165.80932454045708,126,21144
225,-28.90485203353704,-164.49642097180416,153,21297
226,-69.02010081427547,-165.05200730317233,115,21412
227,-170.45272004327518,-165.33214049302202,131,21543
228,-119.3595551041415,-165.55951706041574,129,21672
229,-233.80713127154877,-167.04261977531795,131,21803
230,-190.98402054684055,-168.33823084155213,93,21896
231,-202.78067546220677,-169.361681179636,59,21955
232,-244.92229259725968,-171.17989493509467,138,22093
233,-76.06683295429565,-170.68814782248668,68,22161
234,-295.64530252942245,-170.00661641794773,72,22233
235,-105.06049554185338,-170.1239561487095,66,22299
236,-109.6809970817676,-170.05779244341443,66,22365
237,-241.4680002570735,-171.85615886011314,125,22490
238,-83.5192251670223,-170.17608891626372,113,22603
239,52.78618006777586,-167.2762599320844,102,22705
240,-97.54355974277392,-167.05636863972524,79,22784
241,-87.64793194613107,-166.46954465038925,66,22850
242,-96.15806030276204,-164.7676073381178,111,22961
243,-307.52202592710404,-166.66224130478037,106,23067
244,-295.1142370472677,-166.84996846093682,97,23164
245,-108.07275445784893,-166.7207873498116,135,23299
246,-30.57584990823247,-165.79774070228757,146,23445
247,-133.0126979219081,-165.74780311125502,86,23531
248,-76.33265253265405,-165.66249432742433,107,23638
249,-105.70597732082855,-165.62612461814922,95,23733
250,-126.94908842987272,-165.99588318334642,83,23816
251,-4.8614521256249645,-161.0148735343121,124,23940
252,-41.012260412635925,-160.59900028831527,130,24070
253,-193.7574586109886,-162.2536444403776,68,24138
254,-250.8389850422522,-163.44371750596795,140,24278
255,-155.14204033552363,-163.8761319243517,138,24416
256,-83.96077847419106,-163.9032128701608,84,24500
257,-192.4806115992689,-163.5531856161387,89,24589
258,-99.09560236072937,-160.94058628356584,110,24699
259,-180.752710099806,-161.78001348434137,72,24771
260,-242.53898292260888,-161.56984283925522,120,24891
261,-92.31462244831907,-161.437346918095,71,24962
262,-193.9196909796213,-162.5879723243832,108,25070
263,-102.8144869883291,-161.35592464933836,80,25150
264,-231.1302847626024,-162.13328874152802,101,25251
265,-160.73038940180805,-162.0926540615489,84,25335
266,-132.7386282427007,-162.3345581920694,98,25433
267,-209.35320062012258,-159.99086546792955,150,25583
268,-134.76770502822052,-158.45776202436605,104,25687
269,-57.471238657709506,-157.50065157738715,123,25810
270,-352.94454144205895,-159.58489608205207,108,25918
271,-82.49017639156807,-159.2962551421756,99,26017
272,-94.38422451182957,-159.21892296411897,81,26098
273,-234.00052539510114,-158.55691510385495,70,26168
274,13.54105315186085,-157.11545367098495,61,26229
275,-110.1360868771187,-155.90151552004832,93,26322
276,-144.16761906933334,-155.96389118400236,102,26424
277,-29.659902870515353,-155.2909400019828,85,26509
278,-83.08734082101016,-155.3074196145871,110,26619
279,-274.3007398197028,-157.7656557538727,116,26735
280,-101.74397755077783,-157.7781278833329,73,26808
281,-124.61070098965934,-157.48133264040564,130,26938
282,-19.37369715993225,-155.56840776878724,76,27014
283,-58.75373210687508,-153.3133911259016,153,27167
284,-132.47862071603063,-150.57348007035927,77,27244
285,-110.22784635693971,-149.30236017523208,106,27350
286,-232.44633671322526,-147.323086876483,125,27475
287,-81.87881708840636,-147.05943290880646,84,27559
288,-135.73935683421624,-146.7281237215565,97,27656
289,-46.520149701616425,-146.15610800451168,117,27773
290,0.9511586856547751,-145.23290092271566,242,28015
291,-84.91878743674023,-144.73514374225732,98,28113
292,-151.97994434370852,-144.2267362154261,75,28188
293,-300.4406255782468,-147.09414501609044,106,28294
294,-252.6186869298076,-147.56716342335164,81,28375
295,-88.86787641721506,-146.30202887465393,78,28453
296,-192.68129831027423,-145.44606470384508,101,28554
297,-247.42674775590893,-144.95274405827828,127,28681
298,-91.75686742998698,-144.14743062939849,135,28816
299,-362.8035550639247,-147.3946100288844,123,28939
300,-106.25353540782599,-148.1778274624396,78,29017
301,-133.92567192124847,-148.0177678154768,97,29114
302,-114.5034898703363,-149.02214227871528,65,29179
303,-113.0770193075761,-148.00416705097754,123,29302
304,-85.9282529013974,-147.91578845929948,73,29375
305,-246.08444747376663,-148.0249287609492,98,29473
306,-24.201797011367006,-145.25723046141238,81,29554
307,-113.3814412483371,-144.04927349196183,96,29650
308,-255.19592632887532,-145.21247333630984,97,29747
309,-39.33312985521781,-143.3127434521754,112,29859
310,-102.16463877012602,-143.2987155179125,62,29921
311,-100.8829017531922,-142.88513693181267,90,30011
312,-29.797289239386686,-142.34355135171697,93,30104
313,-201.06416719512043,-141.74906806364726,109,30213
314,-156.1950282422738,-141.78004587851655,120,30333
315,-246.49751265875253,-142.63903528134412,89,30422
316,-269.2301412158937,-144.50697286879253,108,30530
317,-171.00491952782556,-142.26196684980786,122,30652
318,-177.19696630789988,-142.81902617961387,113,30765
319,-107.22230332937444,-139.9013285416505,75,30840
320,-109.24769169247121,-139.68923217544784,107,30947
321,-159.41179237366836,-140.19716198476743,116,31063
322,-191.75438077088756,-140.30036971374793,168,31231
323,-109.51067253323869,-139.2916327971683,134,31365
324,-94.15939891130883,-140.08373071678773,121,31486
325,-258.09577561832896,-142.37563995263565,76,31562
326,-72.19002206822512,-142.40733916517513,74,31636
327,-108.76753643417287,-141.79048732908413,110,31746
328,-131.35635244937225,-141.91045530253643,68,31814
329,-199.37231225023058,-141.56610711232324,100,31914
330,-145.30655380389095,-141.10933244489377,89,32003
331,-205.51654009781072,-141.1366910912498,117,32120
332,-58.2330737091166,-139.26979890236834,75,32195
333,-149.4730829045941,-140.00386140187138,142,32337
334,8.180972847264101,-136.9655986481045,114,32451
335,-91.7017453899009,-136.83201114658493,149,32600
336,-184.10104838914089,-137.5762116596587,95,32695
337,-375.34685819592977,-138.91500023904723,92,32787
338,-172.27410207366864,-139.80254900811371,88,32875
339,-62.93642446823907,-140.95977505347383,95,32970
340,-252.32555422442587,-142.50759499829036,115,33085
341,-158.14658768013118,-143.21258155563038,75,33160
342,-100.31412103378743,-143.25414216294064,112,33272
343,-96.74068397281725,-141.14632874339776,82,33354
344,-125.32766936203176,-139.4484630665454,117,33471
345,-112.06851843403811,-139.48842070630732,99,33570
346,-76.482370095502,-139.94748590818,140,33710
347,-204.24486857440544,-140.659807614705,111,33821
348,-106.6982912075716,-140.96346400145416,80,33901
349,-77.50694292661206,-140.681473657512,73,33974
350,-50.8009514726368,-139.9199922879396,97,34071
351,-101.06959117500415,-140.88207367843341,110,34181
352,-338.0558296557256,-143.8525093708643,132,34313
353,-233.6603346493556,-144.251538131248,86,34399
354,-127.56652674903589,-143.01881354831582,110,34509
355,-114.3568209437565,-142.61096135439817,82,34591
356,-87.92110521706003,-142.65056462182685,80,34671
357,-203.0472817814196,-142.75623132364836,136,34807
358,-130.1823769925574,-143.06709906996662,112,34919
359,-141.8223379323723,-142.67779534829228,116,35035
360,-100.27906837045838,-141.25519620277078,86,35121
361,-41.597920246059346,-140.74802918074818,151,35272
362,-318.8111198474271,-141.99694346942624,169,35441
363,-167.01452344381562,-142.6389438339811,112,35553
364,-163.49824861756974,-141.96262347253077,101,35654
365,-64.01799115028957,-140.9954994900156,123,35777
366,-170.3136984508086,-141.37125019209668,68,35845
367,-72.89918987140743,-140.00671008460952,100,35945
368,-94.97579825466568,-139.60879101687397,70,36015
369,-184.52263296735828,-140.87930495997045,118,36133
370,-38.14956007429531,-137.7313551462928,102,36235
371,-150.04429037854774,-138.40689628616263,109,36344
372,-28.074710139011486,-137.74380114243445,139,36483
373,-53.575696697409,-135.93955285545752,70,36553
374,-141.26157168355843,-137.48757910381173,87,36640
375,-234.65141874587917,-138.73273242249934,100,36740
376,-206.42885530236805,-139.3553447848297,118,36858
377,-368.93770539683914,-142.7481228100929,133,36991
378,-124.79824060932927,-143.1652318079761,92,37083
379,-121.31747770335794,-141.63539918681263,102,37185
380,-75.88293576557056,-141.37678876896055,71,37256
381,-80.91591926323186,-140.9398409516963,63,37319
382,-170.11103328552363,-142.44721431295224,134,37453
383,-207.70863182634946,-143.93676331014697,87,37540
384,-66.83937010687657,-143.28037080405545,92,37632
385,-96.50643763207808,-143.14315671680686,83,37715
386,51.02203886901787,-140.3084729609844,1000,38715
387,-73.85530473839057,-140.22823783748424,82,38797
388,-308.1019706827617,-141.95186397596967,131,38928
389,-100.26648382843972,-142.4893273172379,88,39016
390,-88.580224072954,-143.38464114482397,125,39141
391,-186.31905698750376,-144.3986438403316,103,39244
392,-77.97256087102754,-143.6585700056048,81,39325
393,-301.3767080218216,-143.66793083004058,128,39453
394,-109.82447958752707,-142.23998875661778,112,39565
395,0.18217449091044102,-141.3494882475365,151,39716
396,-61.1757551299859,-140.03443281573362,93,39809
397,-45.12962969233203,-138.01146163509785,133,39942
398,-227.93882216820353,-139.37328118248,132,40074
399,-100.17445498798699,-136.74699018172066,70,40144
400,-95.5962897709306,-136.64041772535168,59,40203
401,-124.7708536365512,-136.54886954250472,62,40265
402,-27.825095485201018,-135.68208559865337,126,40391
403,-195.62643199529793,-136.5075797255306,100,40491
404,-277.00001162372666,-138.41829731275388,88,40579
405,-91.91746876581571,-136.87662752567437,107,40686
406,-194.01322293945003,-138.5747417849552,113,40799
407,-162.8097780211171,-139.069025152683,67,40866
408,-108.21709121246583,-137.59923680151888,123,40989
409,-123.02212880762593,-138.43612679104297,71,41060
410,-169.04270367232039,-139.10490744006492,125,41185
411,-242.84110863263874,-140.52448950885938,89,41274
412,-64.01019601797921,-140.86661857664535,76,41350
413,-97.06328658527156,-139.8266097705468,81,41431
414,-152.79518581447542,-139.79261134626887,94,41525
415,-58.45447969467567,-137.91218101662807,142,41667
416,-130.22616656650192,-136.52214127013417,66,41733
417,-143.62520828875597,-136.24834415774347,183,41916
418,-107.26330509260885,-135.54900754559057,75,41991
419,-124.70392615945286,-135.72382377389135,120,42111
420,-56.44952773430067,-135.19584213430963,70,42181
421,-173.89610389160833,-135.340685249489,96,42277
422,-94.87879678268698,-134.37192940960702,130,42407
423,-269.45081309404213,-135.97133081521505,165,42572
424,-108.63455886033123,-136.11608241470526,93,42665
425,-106.47950592876869,-134.59991971780966,111,42776
426,-124.91700729802359,-135.12718957010765,93,42869
427,-190.7693768204959,-135.94720797397085,102,42971
428,-127.49864602971434,-135.9086309097743,78,43049
429,-148.47482512048617,-135.39965603847685,106,43155
430,-194.00785299077728,-135.8866690303457,123,43278
431,-105.95483541820869,-134.8910519835497,75,43353
432,-124.16190955460246,-135.55034034200455,86,43439
433,-91.96310323196263,-134.97524054527824,103,43542
434,-80.28781274293203,-135.8599284011802,81,43623
435,-13.876128766928161,-135.0816722349505,136,43759
436,-74.35778166420508,-133.9842395677011,138,43897
437,-189.523707200896,-132.1260080577508,134,44031
438,-82.68959175544158,-131.23016295456853,111,44142
439,-106.8842093849992,-131.66964080373614,115,44257
440,-126.9725098345219,-130.4161103598371,136,44393
441,-95.21689016894513,-129.78681338472524,174,44567
442,-10.783620279919745,-128.89150837718657,144,44711
443,-108.02231960380297,-129.00432473349642,69,44780
444,20.267659560413264,-127.54837144427196,105,44885
445,-363.1225675025711,-130.05891193495728,112,44997
446,-73.47501517620248,-130.0288383857643,82,45079
447,-242.74760349903033,-130.41386573501052,102,45181
448,-68.9712870140324,-130.03659569307513,83,45264
449,-125.5580360712398,-130.5171066245214,112,45376
450,-123.76154835990812,-131.2467125933941,95,45471
451,-83.41103603615797,-131.07012704200565,75,45546
452,-232.2830773512035,-130.01239951896042,85,45631
453,-174.58968145814862,-129.42169298704835,132,45763
454,-93.06965971945289,-129.07672431675255,77,45840
455,-88.66719102627935,-128.81982801757778,120,45960
456,-106.11009931403137,-129.00171795854746,80,46040
457,-310.8755015347656,-130.08000015608096,100,46140
458,-209.75807610864763,-130.87575714724184,113,46253
459,-116.04454640895881,-130.61797923200774,77,46330
460,-25.696925928669458,-129.87215780758982,86,46416
461,-296.4450896343085,-132.42062950147232,139,46555
462,-407.14468689343977,-133.30396517193242,119,46674
463,-303.8983194013388,-134.67280313150766,155,46829
464,-89.95052178483444,-133.9373258631803,128,46957
465,20.666242308460227,-133.09048352859284,95,47052
466,-51.13255109478875,-131.89867205503262,80,47132
467,-221.3673818063218,-133.38335397438178,187,47319
468,-126.89866812134048,-133.70258267304854,106,47425
469,-201.61590170378383,-133.8735153604128,120,47545
470,-89.75521648002416,-134.38957192447006,98,47643
471,-109.72222642168707,-133.98635128490147,145,47788
472,-87.34895355746079,-134.57909371908596,85,47873
473,-104.04611281218465,-135.0837978802337,136,48009
474,-458.74642586577147,-138.25864642205582,120,48129
475,-92.2664228379371,-136.83479646297639,83,48212
476,-145.18391776836245,-136.22234708763636,71,48283
477,-39.9850163744254,-132.9328201974122,79,48362
478,-62.21118860707669,-132.3069496773897,105,48467
479,-79.3321182400726,-131.88709608275684,109,48576
480,-83.93200794008979,-131.96758680450202,88,48664
481,-120.37317075924663,-132.3621593194622,87,48751
482,-131.43689158614538,-131.97541790246842,89,48840
483,-82.6334542411914,-130.72466612661682,92,48932
484,-75.06445728332316,-130.8069169983813,78,49010
485,-124.40658147569579,-131.08591843681748,79,49089
486,-170.43615392507985,-133.30050036475848,108,49197
487,-205.79186338211582,-134.6198659511957,94,49291
488,-93.03868034832658,-132.46923304785136,134,49425
489,-76.62237426778921,-132.23279195224484,186,49611
490,-95.75940612495705,-132.3045837727649,109,49720
491,-68.74620458628563,-131.12885524875267,97,49817
492,-252.76152104896462,-132.87674485053205,162,49979
493,-169.5457210601024,-131.55843498091485,99,50078
494,-113.16807477263686,-131.59187093276594,158,50236
495,-44.774805862951986,-132.04144073630457,200,50436
496,-95.56576875608872,-132.3853408725656,141,50577
497,-110.06157398690843,-133.03466031551136,87,50664
498,-131.70517637977207,-132.07232385762705,90,50754
499,-175.58105683403767,-132.82638987608757,133,50887
500,-81.36449002713155,-132.68407187864958,135,51022
501,-197.38629700762186,-133.4102263123603,129,51151
502,-43.748900996376435,-133.56946436747205,85,51236
503,-36.28449575132892,-131.97604500503235,131,51367
504,-50.60877206925102,-129.71213260948758,155,51522
505,-174.20726313464547,-130.5350305531759,85,51607
506,-190.66562875248067,-130.5015546113062,148,51755
507,-115.75773838914523,-130.03103421498648,111,51866
508,-104.56851922680627,-129.9945484951299,108,51974
509,-39.14234043491685,-129.1557506114028,81,52055
510,-26.673485917798743,-127.7320584338576,73,52128
511,-49.762324697030394,-125.80127059450152,77,52205
512,-106.58519571079286,-126.22702059142966,101,52306
513,-171.63105579209454,-126.97269828349789,100,52406
514,-270.20182323609794,-128.14676465771413,128,52534
515,-345.1112928668849,-131.0133327894362,132,52666
516,-104.20416078548419,-130.75311273162603,113,52779
517,-43.09274129295144,-129.747788061668,98,52877
518,-150.81058599733808,-130.18326087071526,115,52992
519,-70.3308812388801,-129.63953042150953,82,53074
520,-60.69201118109355,-129.68195525597747,122,53196
521,-122.49320212504064,-129.1679262383118,139,53335
522,-65.2218323145561,-128.87135659363045,159,53494
523,-120.43406146164253,-127.38118907730646,165,53659
524,-112.41875970652735,-127.4190310857684,123,53782
525,-82.399817318463,-127.17823419966535,99,53881
526,-72.10922401810818,-126.6501563668662,181,54062
527,-107.76712751987195,-125.82013387385996,128,54190
528,-142.62036713622825,-125.97135108492512,98,54288
529,-98.33650465314207,-125.46996788025167,124,54412
530,-199.88344465338122,-125.52872379687771,101,54513
531,-73.47412380160488,-125.20391668071169,77,54590
532,-62.89030327233629,-124.591200617889,102,54692
533,-277.67933297674915,-126.44836291533687,115,54807
534,-69.00976246494177,-126.335582412557,153,54960
535,-102.84346313404576,-127.22525575622817,82,55042
536,-164.99796397533527,-128.13165757933947,76,55118
537,-48.085596243706405,-126.71727646976757,80,55198
538,-193.69277851041062,-127.82730833731726,130,55328
539,-135.39659319159585,-128.11243217538322,94,55422
540,-161.29151675218324,-128.45562224455983,124,55546
541,-89.32813529273832,-128.39673469579776,87,55633
542,-168.07099840141765,-129.96960847701274,120,55753
543,-74.27852518796728,-129.6321705328544,77,55830
544,-103.43971635440292,-130.86924429200258,69,55899
545,-50.76169081568648,-127.74563552513371,114,56013
546,-151.8989239206261,-128.52987461257794,125,56138
547,-92.60762710436632,-127.0284748486313,86,56224
548,-212.96056826919622,-128.46836766118292,138,56362
549,-59.7891216939709,-127.81067851741025,107,56469
550,-125.67900446763383,-127.82985307848752,92,56561
551,-94.96793628054212,-127.94542208093137,74,56635
552,-61.36194557665527,-126.23621076318588,81,56716
553,-83.50932651007332,-125.3254072137051,146,56862
554,-73.90559611818871,-125.13376657769248,88,56950
555,-77.19764743759643,-125.01907114180565,166,57116
556,-81.82947105478453,-124.77626485921319,91,57207
557,-194.76859029653133,-123.61519574683085,126,57333
558,-190.2474653245927,-123.4200896389903,108,57441
559,-75.20943030057518,-123.01173847790646,89,57530
560,-34.504535580154595,-123.0998145744213,172,57702
561,-124.71486271722759,-121.38251230525049,98,57800
562,-166.16962993531646,-118.97276173566928,117,57917
563,-13.243185125582954,-116.06621039291169,87,58004
564,-84.68343658763841,-116.01353954093975,149,58153
565,-61.1845341054828,-116.83204730507917,146,58299
566,-58.72827891868941,-116.90800458331817,81,58380
567,-193.12370037368294,-116.62556776899179,97,58477
568,-40.79622550573883,-115.7645433428358,135,58612
569,-105.03204243026372,-114.79870475010057,90,58702
570,-122.10518098755549,-115.12220439517588,95,58797
571,-209.4732784785533,-116.11971491574455,149,58946
572,-74.70231280245623,-115.9932485081945,90,59036
573,-84.78078906001102,-115.80059527067274,119,59155
574,-30.427667949737724,-111.51740769151242,82,59237
575,-78.39851512357818,-111.37872861436881,145,59382
576,-87.71561625117717,-110.80404559919697,79,59461
577,-130.4299823289454,-111.70849525874218,102,59563
578,-238.64327199802807,-113.47281609265167,98,59661
579,-35.185097194467446,-113.03134588219564,130,59791
580,-203.39453681102324,-114.22597117090498,111,59902
581,-67.24175178274648,-113.69465698113999,137,60039
582,-56.42565197551446,-112.94454458503367,185,60224
583,-92.1336462858397,-113.03954650548016,105,60329
584,-228.2416590502079,-114.57131852314899,154,60483
585,-239.46018131442173,-115.72185452153624,97,60580
586,-135.38987904920197,-115.37139177277746,133,60713
587,-120.3755797824285,-114.5172289367806,132,60845
588,-94.95327606812454,-114.53637489397859,69,60914
589,-73.5713794809532,-114.50586494611021,170,61084
590,-83.26911951284744,-114.38096207998912,92,61176
591,-203.1315206710531,-115.72481524083682,139,61315
592,4.655905627477054,-113.15064097407237,112,61427
593,-81.30937393467883,-112.26827750281815,137,61564
594,-133.79728698941986,-112.47456962498597,88,61652
595,-64.70893722694095,-112.67391093862587,165,61817
596,-98.40560514322203,-112.70230930249718,133,61950
597,-33.21684241470902,-111.93386198677518,139,62089
598,-113.7172259437689,-111.75398248241514,103,62192
599,-11.987676561416293,-110.11804867968897,118,62310
600,-53.32433903760675,-109.83764716979373,84,62394
601,-226.86193659842274,-110.13240356570174,125,62519
602,-45.27999787898523,-110.14771453452781,92,62611
603,-18.469377619561442,-109.96956335321012,184,62795
604,-138.3696964360472,-110.84717259687812,87,62882
605,-149.46283372684042,-110.59972830280003,111,62993
606,-85.28915427425366,-109.54596355801779,80,63073
607,-94.7370271428809,-109.33575644555515,121,63194
608,-47.42039853312325,-108.76427523861828,155,63349
609,-209.8727037545459,-110.4715788718146,157,63506
610,-124.56103416585466,-111.45045435429515,107,63613
611,-218.1922348181674,-113.13475345550648,140,63753
612,-79.72893955727804,-112.86619089397136,141,63894
613,-74.73780807172776,-111.89725841676771,114,64008
614,-78.43560312238404,-109.97959621563055,148,64156
615,-218.53212184789342,-108.71380450544063,133,64289
616,-81.72462195153653,-108.48900911710116,123,64412
617,-95.85060031870762,-109.01658770735871,144,64556
618,-150.97489360860334,-109.01823078347137,145,64701
619,1.4552800339573082,-108.30036917074301,145,64846
620,-25.660428616675816,-107.95005334509884,159,65005
621,-160.39845787863652,-108.32910590263482,134,65139
622,-26.0621776025677,-107.93750935551492,106,65245
623,-128.32224623735212,-108.01639120327201,126,65371
624,-87.54052769857743,-107.7676088831925,88,65459
625,-110.2314421840437,-108.0459251318483,107,65566
626,-164.40509643461806,-108.96888385601342,173,65739
627,-80.55195433143653,-108.69673212412904,99,65838
628,-155.00315814634766,-108.82056003423027,124,65962
629,-157.29461487118868,-109.41014113641073,136,66098
630,-147.20133208567535,-108.88332001073366,141,66239
631,-58.78752174535712,-108.7364539901712,152,66391
632,-198.88731207866917,-110.0964240782345,82,66473
633,-130.36722262813802,-108.62330297474837,133,66606
634,-231.00322504178033,-110.24323760051676,115,66721
635,-60.00311047377454,-109.81483407391406,99,66820
636,-62.08719315095482,-108.78572636567029,92,66912
637,-151.80875476322387,-109.82295795086544,135,67047
638,-70.31939220756277,-108.58922408783697,105,67152
639,-158.71166680392145,-108.82237482396022,130,67282
640,-67.52789053756496,-107.88473856181405,150,67432
641,-188.91675248961272,-108.88062473378277,181,67613
642,-57.01665566810408,-107.77008130644964,143,67756
643,-85.79058257450798,-107.88520188031504,127,67883
644,-79.10940209690452,-107.64189873774005,140,68023
645,-65.5347586120819,-107.789629415704,84,68107
646,-60.98148486968477,-106.8804550251946,123,68230
647,-1.9108334254282227,-105.97348708840524,145,68375
648,-52.63932421526702,-104.37027464786594,126,68501
649,-343.16688256175655,-107.20405225654378,128,68629
650,-95.9328287065813,-106.90659049893326,157,68786
651,-239.05187300479673,-108.3474298661758,130,68916
652,-90.75928395461841,-108.64140324995546,95,69011
653,-59.69062741397259,-108.40321625899445,136,69147
654,-114.76773914133267,-108.81183768922588,140,69287
655,-147.12642016141677,-109.5111254164641,139,69426
656,-57.87308170482995,-109.27156152296456,186,69612
657,-98.1855358359661,-108.30573097835891,116,69728
658,-133.0832165723125,-107.73408849083611,161,69889
659,-124.40733289335543,-108.2260675167639,162,70051
660,-82.6818900018055,-108.70784106098041,73,70124
661,-98.16512398250896,-108.44234367363325,125,70249
662,-92.94342072462133,-107.71008158152627,79,70328
663,-92.92109016657385,-108.50686063193618,126,70454
664,-23.27547727309893,-107.89278103879079,84,70538
665,-116.28843313164643,-108.44382002905242,140,70678
666,-34.639726215860904,-108.20293450202412,136,70814
667,-210.93755748506666,-108.38107307313798,117,70931
668,-63.384455200361856,-108.6069553700842,118,71049
669,-290.8890041246794,-110.46552498702835,109,71158
670,-58.20698930512498,-109.82654307020404,93,71251
671,-106.80529628886978,-108.7998632483072,147,71398
672,-114.83479571458408,-109.20118807742848,132,71530
673,-124.96434159428317,-109.6030236027712,145,71675
674,-32.75456568875211,-109.62629258016133,185,71860
675,-84.94949869581659,-109.69180241588373,151,72011
676,-114.17705214666971,-109.95641677483866,125,72136
677,-5.699502411332688,-108.70911197566252,140,72276
678,-210.5241396085292,-108.42792065176755,134,72410
679,-88.9594605798657,-108.96566428562156,149,72559
680,-46.82427458942131,-107.39996166340553,90,72649
681,-174.8671726441919,-108.47621587201998,109,72758
682,-104.24452796813027,-108.95440463194615,99,72857
683,-111.1851066545903,-109.14491923563364,194,73051
684,-120.59227723199233,-108.06842541745146,136,73187
685,-96.99792882970283,-106.64380289260427,133,73320
686,-106.80766229001433,-106.35798072501238,128,73448
687,-193.37486927772238,-107.08797361996534,126,73574
688,-70.17557049044116,-106.84019656418852,75,73649
689,-12.520417249308792,-106.22968694187205,136,73785
690,-27.054528862272832,-105.66754103536633,121,73906
691,-75.9399135549329,-104.39562496420513,164,74070
692,-137.2454268715118,-105.81463828919499,91,74161
693,-89.4100117701662,-105.89564466754987,129,74290
694,-54.287412863441055,-105.10054592629007,83,74373
695,-83.80328279483656,-105.29148938196904,92,74465
696,-257.8380218377274,-106.8858135489141,121,74586
697,-138.94069887265584,-107.94305211349358,144,74730
698,-69.15967417306615,-107.49747659578654,93,74823
699,23.621737191566893,-107.14138245825671,102,74925
700,-40.80385103675751,-107.0161775782482,108,75033
701,-65.20993890046324,-105.39965760126863,77,75110
702,-223.48971508248007,-107.18175477330358,114,75224
703,-170.80324339628532,-108.7050934310708,101,75325
704,-20.591163992186722,-107.5273081066322,104,75429
705,-34.326911046573386,-106.37594887982954,161,75590
706,-47.85992588255256,-106.00165659591252,204,75794
707,-63.77391808123748,-105.6920255052961,91,75885
708,-43.57128080642696,-105.65353432802911,81,75966
709,-156.91668922739382,-105.1239741827576,75,76041
710,-147.67281141789928,-105.35509195527803,149,76190
711,-192.72042358517479,-105.10037384294812,134,76324
712,-34.12994114783754,-104.6443838588537,104,76428
713,-28.759367472019946,-104.18459945285662,184,76612
714,-75.7734182023666,-104.15797760365645,81,76693
715,-122.08472140192193,-103.19350359919673,152,76845
716,-34.457881238022836,-102.72083619206161,140,76985
717,-213.06885896498812,-103.89301877852442,107,77092
718,-52.00312573456371,-102.90330109978402,90,77182
719,-168.40746892389546,-104.60192858936256,144,77326
720,-237.16677996610693,-106.71699210285688,142,77468
721,-30.256513117714732,-105.41557265524763,58,77526
722,-104.19327593403392,-106.1968836385623,109,77635
723,-103.47715242125976,-105.94843270040137,153,77788
724,-60.40769624407996,-105.6771043858564,137,77925
725,-58.599965934828845,-105.16078962336425,106,78031
726,-333.8619435348903,-106.85535809436698,100,78131
727,-39.23407088762691,-106.44217925992889,128,78259
728,-101.05408642217961,-105.90268854268723,176,78435
729,-95.77540868821724,-105.2874964808575,139,78574
730,-137.4423499301209,-105.18990665930198,111,78685
731,-63.335624760163874,-105.23538768945005,66,78751
732,-78.7615417156953,-104.03412998582029,85,78836
733,-118.0031841467543,-103.91048960100645,133,78969
734,-11.131611345703377,-101.71177346404568,98,79067
735,7.120190869131591,-101.04054045061663,251,79318
736,48.69958171997871,-99.93267270190726,140,79458
737,-77.10990944112399,-99.1856842486863,132,79590
738,-60.16299679122799,-99.08412029452295,139,79729
739,-11.772377399362199,-97.61472740047735,214,79943
740,-295.8342658990991,-99.89779115409269,205,80148
741,-24.705438789899617,-98.25567801709555,165,80313
742,-71.25152445228616,-98.39802670493735,73,80386
743,-113.40926733270187,-98.67421355251929,126,80512
744,-35.50888141766342,-98.23820834572687,175,80687
745,-318.2124745571614,-100.7649855051777,104,80791
746,-119.820332930805,-101.35337398578889,111,80902
747,42.73811184186627,-100.90688453311594,177,81079
748,-37.661786828881446,-100.75710915925208,139,81218
749,-39.8044061430477,-97.723484395065,113,81331
750,-131.18642505612843,-98.07602035856047,153,81484
751,-142.61104936958662,-97.11161212220837,171,81655
752,-81.00333158086923,-97.01405259847088,75,81730
753,-292.20814633804883,-99.33922778771165,121,81851
754,-88.51564051881567,-99.07670680148647,168,82019
755,-220.50419637846193,-99.81048456365691,133,82152
756,-102.23151677783171,-100.25406891438695,91,82243
757,-75.00266641314857,-100.02224022015878,126,82369
758,-11.11616591946661,-98.80256971363033,115,82484
759,-136.31662490454121,-98.92166263374216,169,82653
760,-110.23656239701614,-99.19720935769426,134,82787
761,-170.14451359560928,-99.91700325382526,102,82889
762,-164.0856617714158,-100.6284256642932,188,83077
763,-113.21012718247212,-100.83131603445221,178,83255
764,-73.44605408752598,-101.33302180259649,64,83319
765,-59.902487306451135,-100.76916234434454,75,83394
766,-67.03569349492906,-101.09312201713519,97,83491
767,-33.964037591994654,-99.32338681820448,93,83584
768,-7.817845851266782,-98.76772072471353,141,83725
769,-70.12241292356633,-96.5600548127024,127,83852
770,-53.5363960144767,-96.51334887979593,112,83964
771,-123.51521927671622,-96.68044810967439,139,84103
772,-182.896224042854,-97.36106239295708,172,84275
773,-177.7292811327718,-97.88871178834196,209,84484
774,-60.05615280782238,-98.16172765953264,60,84544
775,-19.494976329015586,-97.50718243586464,93,84637
776,-99.15363169069911,-97.35694823130493,157,84794
777,-12.652165339994099,-97.42647486059155,88,84882
778,11.953446263593946,-95.20169900187031,126,85008
779,-66.54635485900319,-94.9775679446617,76,85084
780,-53.85531543652412,-95.04787835313273,252,85336
781,-206.34289950556246,-95.36263562174643,135,85471
782,-11.987285792008038,-94.4400631999852,141,85612
783,-77.25225908315574,-94.10073472427086,65,85677
784,-123.96320014528207,-94.13444395340377,195,85872
785,-294.7864375681578,-96.11232904078834,131,86003
786,-90.51026718417164,-95.9493550897299,58,86061
787,-94.26234780609465,-94.95822987501364,199,86260
788,45.776839740895326,-93.79870577270027,168,86428
789,-138.09108925735194,-95.05441249278068,169,86597
790,-87.84374320327325,-95.6623046361907,157,86754
791,-121.07975876213054,-96.11370308826268,77,86831
792,-51.80336593531944,-95.25928247890074,93,86924
793,-16.770401958029524,-94.53288638077936,142,87066
794,-76.11519499527213,-94.75116420209768,218,87284
795,-102.96255128816671,-94.94275688703097,130,87414
796,-29.59848899084679,-92.66036155856219,137,87551
797,-67.72618357088083,-91.94821640554444,121,87672
798,-77.8109447608252,-92.03472911142204,291,87963
799,-338.84959900415856,-95.6594424733793,184,88147
800,-40.210081233048754,-95.65350477534221,69,88216
801,-60.00937354437641,-95.60149912178133,158,88374
802,-62.08762473197475,-93.98747821827627,180,88554
803,-226.04170220741068,-94.53986280638752,138,88692
804,4.360549375236033,-94.29034567271329,124,88816
805,-67.35285676091458,-94.62060512985667,111,88927
806,-52.06178048246575,-94.66262367585583,129,89056
807,-84.31603214315102,-94.86804481647496,105,89161
808,-90.68466627327157,-95.3391786711434,113,89274
809,-12.15155880211249,-93.89152736689059,142,89416
810,-83.24532670891487,-93.24725251980077,193,89609
811,-44.32664387454414,-91.76331472269447,118,89727
812,-70.66144673111893,-92.12862977852728,148,89875
813,-104.0111063430887,-92.88114716723796,160,90035
814,-135.02377594812233,-93.47365074469553,134,90169
815,-15.1026318860294,-92.40382984953659,96,90265
816,-52.93070833708582,-92.58855812052721,122,90387
817,-34.15303466660416,-90.79939987754338,95,90482
818,-94.05481209912215,-91.21991674118897,125,90607
819,26.518095553199785,-89.27066109641801,191,90798
820,-42.52869682356419,-87.3242802649926,95,90893
821,-65.83602940578058,-87.68007542787325,185,91078
822,0.3800606891125824,-86.63434206164179,84,91162
823,-63.511774526859185,-86.23468828269779,196,91358
824,-89.58885222359424,-86.52649984249292,127,91485
825,-124.91427825319944,-87.18964296567663,158,91643
826,-162.25360658629435,-85.47355959619067,191,91834
827,-57.23901458095335,-85.65360903312394,101,91935
828,-79.34266589670622,-85.4364948278692,105,92040
829,-8.1704715514297,-84.56044545650131,125,92165
830,-107.89363331869471,-84.26495829038704,121,92286
831,-175.15543080780964,-85.3831563508635,127,92413
832,-47.008561589363474,-85.0656265496002,99,92512
833,-12.152060920994202,-84.0071153173426,126,92638
834,35.126862659440405,-83.54453057729117,90,92728
835,-115.80736129970884,-84.77380609897956,125,92853
836,-27.052254384319255,-85.53132446002253,177,93030
837,-57.74635628552528,-85.33768892846655,138,93168
838,-25.297394673235203,-84.98903290728661,88,93256
839,-112.77693316807486,-85.99907846497375,65,93321
840,-74.76417571659444,-83.78837756314871,90,93411
841,-9.071949983650356,-83.63204267508621,107,93518
842,-22.140671215802286,-83.14093414272138,122,93640
843,-34.078230147086416,-82.34762377086523,130,93770
844,-0.7432204194207088,-81.9999671608828,326,94096
845,-97.28382782198697,-79.79068069353104,87,94183
846,-85.04078483931579,-79.44288521261616,176,94359
847,-26.368789350487134,-80.13395422453969,180,94539
848,-72.59614933143592,-80.48329784956525,309,94848
849,-101.34220528242865,-81.09867584095906,153,95001
850,-222.953824043245,-82.01634983083022,151,95152
851,-241.2338438796119,-83.00257777593046,261,95413
852,-81.3868733643488,-83.00641319376525,86,95499
853,-45.70559098072589,-80.54138764019203,116,95615
854,-66.92294180230567,-80.32546065302694,65,95680
855,-132.71134436824394,-79.44753213292475,231,95911
856,-115.2336750983061,-79.5775537161295,270,96181
857,-28.29321914506589,-79.11045924344867,166,96347
858,-118.10876892261471,-80.18038527348014,152,96499
859,-83.59223195097474,-79.65314134394448,173,96672
860,-105.11423719820735,-79.6019180919564,199,96871
861,16.14562186908843,-77.73901673730943,128,96999
862,-34.17686028221904,-76.43992872241746,157,97156
863,-38.251186685691124,-75.69033931744966,130,97286
864,-238.95514083267588,-77.34543018490116,217,97503
865,-79.26352300301701,-77.53904054186681,81,97584
866,-66.29903500540124,-77.53167395697153,98,97682
867,-107.69713025465605,-78.26900488359814,131,97813
868,-40.12162446729317,-78.5920426697584,174,97987
869,-81.9325489962936,-78.71014403048568,184,98171
870,-282.41137480426136,-80.99889381838352,133,98304
871,-85.70568092573342,-80.62079843487369,71,98375
872,-29.33948763050917,-79.08523107075024,128,98503
873,-33.523486520777126,-77.6431731246303,178,98681
874,-97.94182241089139,-78.02202982066099,78,98759
875,-75.79546427984816,-78.5850347001693,118,98877
876,-65.75688108974248,-78.25106719415975,141,99018
877,-60.558491586507316,-78.73013045662488,76,99094
878,-117.16345504067299,-80.02129946966757,261,99355
879,-73.91513664182321,-80.09498728749575,171,99526
880,41.17676389907891,-79.14466649413973,227,99753
881,-87.19226366652764,-77.95316013574937,71,99824
882,-7.0447878156670924,-77.90373515598597,72,99896
883,-48.33263668156048,-77.61453893197002,149,100045
884,-77.72340604448215,-77.15214099096201,65,100110
885,-131.74812427098018,-75.52175785799024,143,100253
886,-76.69256406004953,-75.38358082674901,131,100384
887,-9.360731893511835,-74.53456466762319,1000,101384
888,-85.07735163103573,-75.8431065813425,205,101589
889,-88.31811378761465,-75.34537682664512,142,101731
890,-44.16777487164743,-74.90861714332887,157,101888
891,-34.62049333531853,-74.04402448906075,161,102049
892,-55.41858264619044,-74.08017665616946,152,102201
893,-74.7733518079105,-74.66020615466826,99,102300
894,-72.90640712792626,-74.62811827599481,124,102424
895,-141.09576931551757,-75.00945045626831,239,102663
896,-74.43333920963829,-75.45779895845624,268,102931
897,-9.544247561451499,-74.87597959836194,145,103076
898,-67.72100778161528,-74.77508022856983,146,103222
899,-59.7263722096851,-71.98384796062511,149,103371
900,-83.12360503511768,-72.4129831986458,256,103627
901,-69.16056552707809,-72.5044951184728,141,103768
902,-109.52065202247572,-72.97882539137781,296,104064
903,-42.44082529122878,-71.142816622216,261,104325
904,-139.31761928473554,-72.57959830881572,90,104415
905,35.29511383786644,-71.55311860282791,99,104514
906,-26.125548804637035,-71.29375628604961,127,104641
907,0.44097071221156625,-70.446186257496,148,104789
908,-66.77292063169202,-70.20706880108018,112,104901
909,-157.8118774316625,-71.6636719873757,211,105112
910,-53.09919646880988,-71.36221068497464,105,105217
911,-29.46536264213036,-71.21359787265051,102,105319
912,-89.97138137703772,-71.4066972191097,117,105436
913,-6.187050112282108,-70.42845665680163,75,105511
914,-71.99994330255663,-69.79821833034597,121,105632
915,-78.18631087667995,-70.42905512025249,110,105742
916,-163.77726245805445,-71.53752066146217,100,105842
917,-61.08597774701293,-71.80685009226626,299,106141
918,-0.09258606127460212,-70.86722783188777,234,106375
919,-14.988509846649976,-71.28229388588628,200,106575
920,-72.94249870518806,-71.58643190470251,207,106782
921,-139.46918531481265,-72.32276346379282,188,106970
922,-5.22652478583872,-72.37882931854234,87,107057
923,-51.39192364582976,-72.25763080973205,210,107267
924,-6.453648275115128,-71.42627877024725,298,107565
925,-14.255760746083865,-70.31969359517612,326,107891
926,-8.968081890692716,-68.7868383482201,109,108000
927,-60.98595659934884,-68.82430776840405,108,108108
928,-94.32396051295147,-68.9741207145665,199,108307
929,-113.9896197062709,-70.0323121961149,112,108419
930,-79.35582234576142,-69.74693408638558,121,108540
931,-85.02209090946722,-68.84560068740214,134,108674
932,-55.064476623641724,-68.92615983774493,124,108798
933,-92.8711844914089,-69.73335107344907,129,108927
934,-130.9829866394113,-71.39444956643759,592,109519
935,-15.58475027686815,-70.39222345620918,254,109773
936,-90.27253561761763,-71.02442626854217,107,109880
937,45.46189180373955,-69.99234378764953,77,109957
938,2.8395024354637712,-69.71097481656254,136,110093
939,-12.582923540984197,-68.70903472029163,96,110189
940,34.74339491349244,-67.61395901399075,112,110301
941,-34.20574167722097,-67.86529693092646,105,110406
942,-137.23688767622565,-69.0162590955307,148,110554
943,-230.86299018819892,-70.98410669594183,319,110873
944,-25.01084551215834,-71.22678294686919,80,110953
945,2.362225541985069,-70.23032241322947,131,111084
946,-1.95537771885445,-69.39946834202486,167,111251
947,-44.21551843659939,-69.577935632886,106,111357
948,-307.141930354289,-71.92339344311452,715,112072
949,-175.0570399462729,-72.66054178975297,316,112388
950,-149.83547323299106,-71.92935828165042,179,112567
951,-35.783648246295186,-69.87485632531725,144,112711
952,-26.59634311221221,-69.32695102279588,142,112853
953,13.226335690207762,-68.73763175608654,102,112955
954,-175.7055932765523,-69.82545827082902,168,113123
955,35.494385166831535,-68.14340097547827,143,113266
956,-48.566708324095,-67.47673130773616,157,113423
957,-16.319168012801995,-67.35699079641353,196,113619
958,-85.81232951253615,-67.03402640231273,130,113749
959,52.24515776576635,-65.67565250514531,136,113885
960,-185.62368299957186,-66.48074696315895,135,114020
961,-93.03281214513284,-67.57253130330116,146,114166
962,-85.97871811868418,-68.09054988166582,581,114747
963,-68.66005377169935,-68.3946385525259,219,114966
964,-144.9810416321403,-67.45489756052055,109,115075
965,-15.254147439592344,-66.81480380488631,233,115308
966,-26.526450862865644,-66.41707796346094,128,115436
967,-49.655992286558316,-65.83666658377996,242,115678
968,-33.53019166553817,-65.7707522557624,140,115818
969,-160.03467857481618,-66.55177355154764,126,115944
970,-58.78967713832878,-64.31555657488832,146,116090
971,-95.80976328449952,-64.41659739847597,96,116186
972,-27.041446424142933,-64.39361698641231,126,116312
973,-63.90783910488109,-64.69746051225336,172,116484
974,-26.793811757674845,-63.9859804057212,189,116673
975,-179.8161226531517,-65.02618698945425,109,116782
976,-118.68467765048281,-65.55546495506164,172,116954
977,-48.67826791016243,-65.4366627182982,141,117095
978,4.059475986950204,-64.22443340802195,232,117327
979,-57.93141248917389,-64.06459616649546,119,117446
980,-102.62843130468906,-65.50264811853314,178,117624
981,-60.26020599439572,-65.23332754181182,79,117703
982,-59.06619159323952,-65.75354157958753,101,117804
983,-45.277541896256466,-65.7229906317345,79,117883
984,-210.71614465057303,-67.0529180177954,233,118116
985,0.606466012524379,-65.72937211496037,319,118435
986,-16.317614768342267,-65.1256226220433,92,118527
987,-52.43688214022559,-65.55638412451044,110,118637
988,-7.145989239506534,-64.77707050059514,96,118733
989,-35.841291899761,-64.25230228171661,147,118880
990,-34.046129616458046,-64.15108582916473,114,118994
991,-85.16766521334198,-64.65655754794494,100,119094
992,-59.4177409112562,-64.6965491305956,129,119223
993,6.279998776314926,-63.88601562475335,137,119360
994,-86.07286191040195,-64.01768017257811,149,119509
995,-90.08629258077127,-63.50758540523065,456,119965
996,-55.337132698688066,-63.31662334012114,193,120158
997,-32.83943405951338,-63.54957520510175,187,120345
998,-52.66923991669511,-63.39905752645255,81,120426
999,-12.289808650944437,-62.92469189086514,97,120523
1000,-146.39487917268235,-63.55740463224079,254,120777
1001,-116.6517786114491,-64.0323167630845,364,121141
1002,-67.99613025127853,-63.617071545372525,147,121288
1003,-76.76900674546414,-63.96035335991489,57,121345
1004,-53.004192379747046,-63.097219090865,106,121451
1005,-98.49984795228008,-64.43516870876645,134,121585
1006,4.876677378837698,-64.12514644693172,186,121771
1007,-50.969571115567305,-64.6392518652095,231,122002
1008,-59.32502196651508,-64.56477287855775,95,122097
1009,-97.6234480331522,-63.96288858457264,271,122368
1010,-56.721059689853064,-63.99910721678307,266,122634
1011,-1.9697103446484903,-63.72415069380825,144,122778
1012,-71.24284239132304,-63.53686530395111,255,123033
1013,-49.58931434478433,-63.970887946276136,131,123164
1014,-56.81734250183975,-63.81906193826896,77,123241
1015,3.178540160146426,-63.005413427900706,155,123396
1016,-297.264261025691,-64.34028341357707,625,124021
1017,-72.01252956636411,-64.44954893177056,431,124452
1018,-178.9202234780077,-66.2378253059379,97,124549
1019,-5.654316071843283,-66.14448336818982,118,124667
1020,-6.951746259478469,-65.48457584373274,351,125018
1021,-86.69217187612908,-64.9568057093459,1000,126018
1022,-9.058423910777222,-64.99512470059528,126,126144
1023,-112.28759519812692,-65.60408141611825,562,126706
1024,-15.706456503700295,-65.6966094984041,136,126842
1025,-15.833394568249844,-65.71238583662577,118,126960
1026,-33.884301727916394,-65.961548034998,167,127127
1027,-110.40739079186993,-66.45576237692322,388,127515
1028,-2.4555893488342377,-65.53707866528204,137,127652
1029,-49.92905122696752,-64.89647298048901,279,127931
1030,-24.667881440874766,-64.34959357144015,75,128006
1031,-72.5643042348079,-64.22501570469356,72,128078
1032,-48.54321168829861,-64.15980305534012,205,128283
1033,-84.18447999839826,-64.07293601041003,270,128553
1034,6.144528056203313,-62.70166086345388,106,128659
1035,-74.50535610187869,-63.29086692170397,183,128842
1036,-15.085344508094721,-62.53899501060875,174,129016
1037,-55.182073585072985,-63.54543466449688,71,129087
1038,-16.80142131485266,-63.741843902000035,92,129179
1039,-199.1952118358086,-65.60796678494829,203,129382
1040,-33.74226799971643,-66.29282341408037,230,129612
1041,-111.15736704137929,-67.06233966772196,262,129874
1042,-176.82358721780167,-67.4582066631377,139,130013
1043,46.83838594109554,-64.68119290184477,187,130200
1044,-192.61290942519474,-66.35721354097514,256,130456
1045,-189.2203089743316,-68.2730388861383,123,130579
1046,-19.830063170040674,-68.45178574065015,159,130738
1047,11.394517211405955,-67.8956853841701,144,130882
1048,-2.066040939309218,-64.84492649002031,84,130966
1049,-11.519601392946697,-63.209552104487045,109,131075
1050,-114.04968470338973,-62.85169421919103,1000,132075
1051,-84.86953662293465,-63.342553102957446,242,132317
1052,-28.506789006035945,-63.36165756189568,83,132400
1053,-59.05608864715175,-64.08448180526928,118,132518
1054,-4.171019504376375,-62.369136067547515,96,132614
1055,-190.40333747242613,-64.62811329394007,135,132749
1056,15.317696280346524,-63.98926924789566,173,132922
1057,-47.41040281773823,-64.30018159594502,247,133169
1058,-121.7344010696213,-64.65940231151589,561,133730
1059,-36.70666796298612,-65.54892056880341,160,133890
1060,-13.213439272688959,-63.824818131534585,146,134036
1061,-7.069704205452737,-62.96518705213777,151,134187
1062,-35.94137220618356,-62.46481359301277,92,134279
1063,-105.12080298759984,-62.829421085171774,551,134830
1064,2.169812426874344,-61.35791254458162,132,134962
1065,-39.43248422943569,-61.599695912480044,120,135082
1066,-125.55621113643906,-62.589993515215795,315,135397
1067,-20.321830177886582,-62.29665189412907,106,135503
1068,-26.862418765379672,-62.22997416512749,153,135656
1069,-214.05775678246857,-62.77020494720401,105,135761
1070,-57.94709691206588,-62.761779144941386,177,135938
1071,8.740642914061254,-61.716275082955775,117,136055
1072,-57.506008636270494,-62.02092070507704,1000,137055
1073,-127.4650268357786,-62.65649258238603,425,137480
1074,-23.22742349617188,-62.62082869977098,175,137655
1075,-45.59505995458254,-61.27861807278529,367,138022
1076,-71.00536324633477,-60.80182492874382,88,138110
1077,-108.25162425628423,-61.39755849220504,434,138544
1078,-36.40577939099718,-61.802211045984514,371,138915
1079,-53.81191711797257,-61.761016092272506,282,139197
1080,-160.59404436700626,-62.34067222289568,1000,140197
1081,-169.41740749586322,-63.432244237910346,155,140352
1082,-120.75789089166554,-64.04916123089461,149,140501
1083,-9.806677685849792,-63.69445258879054,95,140596
1084,7.2570971364934,-61.51472017091988,189,140785
1085,-64.76616934365384,-62.168446524481666,164,140949
1086,-94.25030518700856,-62.947773428668334,275,141224
1087,21.69516096538767,-62.206452997612196,98,141322
1088,-188.87113864179935,-64.02370449163512,105,141427
1089,-6.956506922093496,-63.73485664185844,197,141624
1090,-55.528880867342906,-63.94968415436729,171,141795
1091,-61.36193810989583,-63.71162688333284,115,141910
1092,-74.50592341685416,-63.862508708388816,246,142156
1093,-253.03060814229752,-66.45561477757494,528,142684
1094,-39.96743949207064,-65.99456055339162,154,142838
1095,-46.34259386886373,-65.55712356627254,72,142910
1096,-63.20673241606749,-65.63581956344633,327,143237
1097,-77.5790273595091,-66.0832154964463,267,143504
1098,-103.96329902037951,-66.59615608748314,107,143611
1099,-22.59131426345392,-66.69917114360824,1000,144611
1100,31.23144957142344,-64.92290785616717,113,144724
1101,-79.07055879034326,-64.54709565795612,224,144948
1102,-104.2143917302609,-64.90927827274594,292,145240
1103,-14.499478675276833,-64.28658299204407,362,145602
1104,-257.453848189117,-66.33107955013777,908,146510
1105,-12.504031742290096,-65.47112138803787,207,146717
1106,-256.6170928410452,-68.0860590902367,354,147071
1107,-28.589390626174037,-67.86225728534278,213,147284
1108,3.670981132842144,-67.2322972543492,182,147466
1109,32.008349766972515,-65.93597927634795,286,147752
1110,-78.36731275845656,-66.15244180703398,1000,148752
1111,-22.655371422680048,-66.3592984178143,81,148833
1112,-304.28456271914695,-68.68971562109255,580,149413
1113,-63.88888951263047,-68.832711372771,361,149774
1114,-128.2746723434489,-69.5472846711871,82,149856
1115,-3.4118207735862427,-69.61318828052441,258,150114
1116,-41.3012710685739,-67.05355838095325,136,150250
1117,-146.72181577389085,-67.80065124302851,597,150847
1118,-5.94568660847257,-66.07090587433318,149,150996
1119,-117.10234371708263,-67.18538615078555,241,151237
1120,-88.58861245534294,-68.0017548127442,316,151553
1121,-65.68971233373475,-67.79173021732025,248,151801
1122,-15.570832636252916,-67.85685430457501,195,151996
1123,-9.385367673558491,-66.82783202932933,168,152164
1124,38.38214567197551,-66.28694600757257,106,152270
1125,-165.55282338592474,-67.78414029574932,965,153235
1126,10.057942398556378,-67.3447178544846,105,153340
1127,-8.00998070357619,-66.32074375360165,167,153507
1128,-61.93281953089102,-66.91551605542222,1000,154507
1129,-322.26718289017106,-69.63889737205426,625,155132
1130,-197.26314364239846,-71.36484999406949,614,155746
1131,-83.59676892477495,-71.47517464096914,106,155852
1132,-46.010886197455704,-71.44985138606073,278,156130
1133,-38.146900303016054,-70.9894755891069,193,156323
1134,7.26881606208795,-70.97823270904806,119,156442
1135,-42.506181153060666,-70.65824095955988,103,156545
1136,37.26862686605784,-70.13470124581835,168,156713
1137,-45.76684431174705,-70.04054895308509,247,156960
1138,-129.23886155433811,-71.16492335547994,462,157422
1139,-55.684588026482665,-69.72981711738669,180,157602
1140,-69.79698255361167,-70.09036426292565,190,157792
1141,15.425703594200158,-68.82453355656985,137,157929
1142,-80.97996872613457,-67.8660973716532,86,158015
1143,-133.5089394062864,-69.66957062512701,272,158287
1144,-88.45238651048443,-68.62796539597991,230,158517
1145,-19.278801924058257,-66.92855032547718,462,158979
1146,-117.11627584697281,-67.90141245224649,1000,159979
1147,14.059031781282044,-67.87476730654772,136,160115
1148,-286.80062684481334,-70.72211316560276,718,160833
1149,-107.83812712610646,-71.68529842293438,765,161598
1150,-69.8858623371626,-71.24366019927211,94,161692
1151,-124.79174331457648,-71.64288226618852,113,161805
1152,-76.83087091982607,-72.12612308532643,267,162072
1153,-18.40566499989926,-71.7196188488539,127,162199
1154,-76.930305611365,-72.44721170992379,626,162825
1155,-17.35103832802396,-70.71668871847976,99,162924
1156,-258.06268993561935,-73.4504925806394,734,163658
1157,-156.84686303630428,-74.54485718282507,487,164145
1158,-198.9259032087176,-75.31677220421604,120,164265
1159,-47.08395459846088,-75.42054507057078,114,164379
1160,-37.581226512299246,-75.66422294296689,347,164726
1161,-139.0392246952984,-76.98391814786535,104,164830
1162,-35.10423586088138,-76.97554678441233,1000,165830
1163,-65.97497558101888,-76.58408851034652,91,165921
1164,-131.48064302791727,-77.92059306489443,79,166000
1165,-75.25526327328413,-78.27882085533292,1000,167000
1166,-36.88866045018408,-77.39214534847036,153,167153
1167,14.11547778418452,-77.04777226884966,349,167502
1168,-19.805551016707668,-76.97720359136294,96,167598
1169,1.1749787979661255,-74.82487623555859,1000,168598
1170,-197.31975038820417,-76.21860277031998,351,168949
1171,-25.68746387979472,-76.56288383825853,132,169081
1172,-5.094217487858859,-76.03876592677442,1000,170081
1173,-270.0227847305499,-77.46434350572211,593,170674
1174,-212.16099997860118,-79.35367927054642,861,171535
1175,-24.902152825466487,-79.14675019925525,302,171837
1176,-93.0546822940238,-79.36724338973215,179,172016
1177,-0.5132726496237439,-78.28985987366555,362,172378
1178,-214.8820796857264,-80.07462287661284,556,172934
1179,-19.784831422491663,-79.73435201965803,82,173016
1180,10.249845937722284,-78.02591311661075,108,173124
1181,43.07770650037847,-75.90096197664833,101,173225
1182,-70.13463230552064,-75.39472939078689,1000,174225
1183,-46.88416028108182,-75.7655042167392,712,174937
1184,-195.11325993331846,-77.78920778743732,647,175584
1185,-279.7223846002591,-79.93876994000337,874,176458
1186,34.134993562594744,-78.65491695250734,1000,177458
1187,-342.2494532581044,-82.29436309474225,749,178207
1188,-31.66409472761059,-80.72229265560037,258,178465
1189,-117.30292343063948,-81.82575682068583,732,179197
1190,-172.55892157043115,-82.99605722771672,954,180151
1191,-234.24552435444477,-84.7248930901622,661,180812
1192,-64.65551232251784,-84.62638897921885,131,180943
1193,-53.462967303393725,-82.6307125708298,101,181044
1194,-273.64034222672785,-84.96744159817639,792,181836
1195,-9.441966236053775,-84.5984353218483,1000,182836
1196,-162.27063318861534,-85.58907432957376,810,183646
1197,-28.035760808441253,-85.09364166406309,1000,184646
1198,-84.42989777878215,-84.8983076516471,1000,185646
1199,-91.56546937430717,-85.58804920275564,1000,186646
1200,-188.7389640942705,-87.78775333941259,637,187283
1201,-114.6784985746478,-88.14383273725564,319,187602
1202,-190.1381242124942,-89.00307006207795,419,188021
1203,-33.554459030531405,-89.19361986563048,286,188307
1204,13.875956163242765,-86.48032182210687,1000,189307
1205,-159.11765265104097,-87.9464580311944,377,189684
1206,72.35307699205005,-84.65675633286344,1000,190684
1207,-10.936817660409176,-84.48023060320578,160,190844
1208,-43.65058186905634,-84.95344623322478,248,191092
1209,24.3174577063739,-85.03035515383075,100,191192
1210,-150.223707686952,-85.74891910311571,149,191341
1211,-84.94095680841681,-86.3717749569731,1000,192341
1212,-64.69337622577038,-83.97586309203933,1000,193341
1213,-193.24322011116664,-85.2694063980247,674,194015
1214,-345.25593843726995,-87.4392190589629,952,194967
1215,-15.551606068004546,-87.56061691190709,114,195081
1216,-180.74764915775023,-88.95508069279886,570,195651
1217,-214.84680408654899,-89.63633057592543,942,196593
1218,-6.179136851567321,-89.63866507835637,151,196744
1219,-42.61937334072914,-88.89383537459285,1000,197744
1220,-200.51547327167555,-90.01310398275618,556,198300
1221,-203.91870080152205,-91.39539386743404,416,198716
1222,-66.7095795329557,-91.90678133640104,682,199398
1223,-300.63360896073596,-94.81926374927284,749,200147
1224,-48.77421239901915,-95.69082732998278,1000,201147
1225,10.31593805538428,-93.9321397155697,191,201338
1226,-175.0564033496058,-95.78328317305132,1000,202338
1227,-4.62161527304954,-95.74939951874607,1000,203338
1228,-127.2799812838729,-96.40287113627588,926,204264
1229,-282.3592932123952,-96.00379223949814,556,204820
1230,-95.39058947816332,-94.98506669785576,475,205295
1231,4.365543266277139,-94.10544357594526,1000,206295
1232,-30.375444504627055,-93.94908915901696,1000,207295
1233,-78.60545360537715,-94.35367469204058,1000,208295
1234,-331.489294303602,-97.74125579569746,952,209247
1235,-298.7338921125523,-100.30353290529237,915,210162
1236,-37.33125274654148,-101.04953170141836,267,210429
1237,-47.605243978751474,-101.0679156980884,198,210627
1238,-58.224918688251314,-100.35777626942755,242,210869
1239,-88.33462093743061,-100.68427659853704,209,211078
1240,-44.63796938584845,-100.4326864668594,135,211213
1241,62.24180356936341,-99.96452546710778,159,211372
1242,-14.895504945198496,-99.30368082929841,1000,212372
1243,-154.46190977414528,-99.51321053297701,620,212992
1244,-11.0777378457977,-98.7394640463301,128,213120
1245,3.039494019596404,-98.51628108689356,90,213210
1246,-81.7789881555356,-98.1629082099792,714,213924
1247,-42.01841373417798,-98.72368266513382,1000,214924
1248,-138.2785827061753,-97.23846222374745,1000,215924
1249,-19.231598780811467,-96.3523969402945,1000,216924
1250,11.50797093008454,-95.53845860762202,1000,217924
1251,-161.10001959693278,-95.9015413704456,476,218400
1252,-4.159578734892936,-95.17482844859626,1000,219400
1253,-72.04957914073844,-95.71126759000464,1000,220400
1254,-178.29811518423332,-96.72494568573335,378,220778
1255,-207.57938772704685,-98.62722917972356,984,221762
1256,-142.80762478414138,-97.47467852820877,373,222135
1257,-96.2285417708036,-96.86849531555377,1000,223135
1258,-3.7990822645724664,-94.9172271061123,1000,224135
1259,-200.70286035525777,-96.45341616368029,607,224742
1260,-333.96033074881586,-99.41720720604545,816,225558
1261,-19.886423493283868,-98.2256791940253,1000,226558
1262,-51.914048569810426,-98.39377732111457,1000,227558
1263,-71.01274700578276,-98.44415503536221,664,228222
1264,-272.72764983787204,-99.85662510346178,885,229107
1265,-11.083402670658455,-99.2149064974355,1000,230107
1266,-34.065828814297376,-99.18667818107666,1000,231107
1267,-57.47506999421244,-99.9025836588606,1000,232107
1268,-70.48702208162089,-100.40939836950973,1000,233107
1269,-130.44645645904092,-101.72561272207982,204,233311
1270,23.59759178610547,-99.51643930033676,1000,234311
1271,-61.46635061916392,-99.87422816773044,1000,235311
1272,-181.8265510009369,-101.6415515028612,767,236078
1273,4.890657669385919,-98.89241707886184,1000,237078
1274,-46.219085839838115,-97.23299793747422,115,237193
1275,-59.62209855327131,-97.58019739475226,1000,238193
1276,-34.01034930625934,-96.98975406487462,1000,239193
1277,-36.8485499294629,-97.35310683767301,1000,240193
1278,-228.67448621404796,-97.49103090295621,745,240938
1279,-172.92807081981533,-99.02246329692946,1000,241938
1280,-63.92860881915557,-99.7642478444982,1000,242938
1281,-5.114596781269478,-100.24617087731471,1000,243938
1282,-33.327544759465866,-99.87810000185416,1000,244938
1283,-80.31562494643111,-100.21241464850767,158,245096
1284,-46.50642105297074,-98.7263462597042,1000,246096
1285,-291.7998155791534,-98.84712056949316,956,247052
1286,-114.05679686327845,-100.32903847375188,182,247234
1287,-49.793554854228006,-97.4044794897131,1000,248234
1288,-8.890547856655937,-97.17674402100356,1000,249234
1289,-39.773911245727554,-96.40145389915443,1000,250234
1290,-140.79658462969988,-96.08383052974712,1000,251234
1291,-65.8489037917033,-94.39986432411968,1000,252234
1292,-18.02508839674733,-93.933560084862,1000,253234
1293,-124.17258305583044,-94.64065624238636,671,253905
1294,-16.060459947039885,-92.06485741958949,1000,254905
1295,-67.80017806825799,-92.64843953791154,1000,255905
1296,-54.10387343368869,-91.56677194036224,1000,256905
1297,-43.35293530737485,-91.71994368535162,1000,257905
1298,-75.91685742602367,-91.63481328182402,1000,258905
1299,-42.939990346992694,-91.14855849155089,1000,259905
1300,1.548026047640505,-89.24568859013178,90,259995
1301,-19.330398556209026,-88.29220758994738,1000,260995
1302,-44.52110584484996,-86.83603740627093,1000,261995
1303,-32.84762322886573,-86.82896904825425,111,262106
1304,-129.21850853356582,-88.25991369522235,130,262236
1305,-104.3208128636449,-87.71194529734838,207,262443
1306,20.070075375932813,-88.23477531350956,1000,263443
1307,-22.80374481491654,-88.35344458505466,96,263539
1308,-290.2340742639054,-90.81927950900315,232,263771
1309,10.399206455902466,-90.95846202150786,1000,264771
1310,-71.69114882329859,-90.17313643287133,424,265195
1311,-52.2178163736627,-89.84590502852377,98,265293
1312,-17.876880356582568,-89.37774006983187,1000,266293
1313,-132.2809861471918,-88.76811773019213,300,266593
1314,-145.3045136988584,-86.76860348280803,579,267172
1315,-105.50704223736417,-87.66815784450164,98,267270
1316,30.843064970279435,-85.55225070322135,1000,268270
1317,-233.62924050599796,-85.74007506741582,582,268852
1318,2.2921335422060025,-85.6553623634781,79,268931
1319,26.3949710773107,-84.96521891929771,1000,269931
1320,-137.86019275046692,-84.33866611408561,1000,270931
1321,-10.89999952434452,-82.40847910131384,1000,271931
1322,-47.849544060709725,-82.21987874659139,1000,272931
1323,-110.44194348012829,-80.31796209178529,304,273235
1324,-218.83244251290017,-82.0185443929241,684,273919
1325,-30.111117219707218,-82.422814945675,1000,274919
1326,-117.17338637111258,-81.84398477589008,1000,275919
1327,-56.45319287042876,-82.36230055186387,1000,276919
1328,-69.7561319586001,-81.78706205861114,1000,277919
1329,-18.32280415696583,-79.14669716805685,102,278021
1330,-44.400199266631596,-78.63679326594153,1000,279021
1331,-101.64642544552228,-79.69691295305952,1000,280021
1332,-123.52167767402855,-80.62837528475355,442,280463
1333,-47.545314506720544,-80.31777389376698,1000,281463
1334,-23.794442382366,-77.24082537455462,1000,282463
1335,-9.444636019930963,-74.3479328136284,1000,283463
1336,-50.95681680116975,-74.48418845417469,1000,284463
1337,150.94613012998906,-72.49867471308728,755,285218
1338,-15.355935682169655,-72.06998488302648,1000,286218
1339,-32.60831118302985,-71.51272178548246,1000,287218
1340,-33.62976006212729,-71.40263969224524,82,287300
1341,-40.6244659042135,-72.431302386981,1000,288300
1342,-86.27027182606052,-73.14505005578964,1000,289300
1343,-26.434391335527064,-71.86477487140345,1000,290300
1344,-256.9697271350616,-74.32369476429609,685,290985
1345,-198.1003502823687,-76.33509320731575,214,291199
1346,-46.61242270948606,-75.98342755285525,1000,292199
1347,1.0376340918690943,-75.55286707459477,111,292310
1348,-37.216271438669004,-74.54224396191971,1000,293310
1349,-25.564102311086884,-74.60556899722245,157,293467
1350,-56.76038177158925,-75.28825252423918,192,293659
1351,-12.05927616334758,-73.79784508990333,1000,294659
1352,-63.10127609504572,-74.38726206350488,638,295297
1353,-77.2131655607162,-74.43889792770466,1000,296297
1354,-56.87031348898446,-73.22461991075217,303,296600
1355,-80.91472034122741,-71.95797323689398,536,297136
1356,-25.058973528400234,-70.78048672433657,1000,298136
1357,-7.742768363358991,-69.89562899026213,344,298480
1358,-43.0626039216761,-70.28826420683316,1000,299480
1359,-23.521649034181742,-68.51645209362239,1000,300480
1360,30.792820139992642,-64.86892058473431,1000,301480
1361,-81.86576243006384,-65.48871397410211,1000,302480
1362,36.80451077434577,-64.60152838066055,1000,303480
1363,-202.6145834565699,-65.91754674516842,171,303651
1364,-28.60417386475062,-63.476311985437206,1000,304651
1365,-5.203747464094604,-63.41751543337156,99,304750
1366,6.230876898413143,-63.014548376244456,1000,305750
1367,-38.3166050051612,-62.822963726353954,1000,306750
1368,-82.86840364793844,-62.94677754201712,1000,307750
1369,-61.713899831170416,-62.259451975738415,1000,308750
1370,-182.99246499707812,-64.32535254357025,399,309149
1371,-57.15317070163233,-64.28222074439492,1000,310149
1372,-31.49600315194684,-62.77891526590503,1000,311149
1373,-80.8112480278547,-63.635934322877446,584,311733
1374,18.972727740147207,-62.984016187077586,401,312134
1375,159.51538377772113,-60.79264136376767,817,312951
1376,-3.829751427534988,-60.49083538498042,1000,313951
1377,40.027403245511294,-59.72207585323067,124,314075
1378,-128.21830450994423,-58.71751403618964,185,314260
1379,-61.06968123520795,-57.598930140343576,294,314554
1380,41.4853244771991,-56.54479080738003,81,314635
1381,-155.38455159465045,-58.04749035551384,306,314941
1382,-21.318671407124057,-57.92740162199042,121,315062
1383,-55.68048072779433,-57.68105017980404,1000,316062
1384,-19.60649191200264,-57.41205088839436,108,316170
1385,6.738549586112882,-54.42666723674169,84,316254
1386,-59.14530191009908,-53.87755228720991,1000,317254
1387,-65.00762854473811,-54.02969302411502,1000,318254
1388,-189.1261366534428,-55.83204891208288,260,318514
1389,-82.42314362709439,-56.25854123589656,124,318638
1390,28.730987427140875,-54.56326551532815,1000,319638
1391,-22.770785769021124,-54.132484335101324,1000,320638
1392,-3.767038959736824,-53.98990384073122,1000,321638
1393,-16.09648619125197,-52.90914287208543,98,321736
1394,-172.1086225595564,-54.469624498210585,776,322512
1395,-73.32068936060105,-54.52482961113402,566,323078
1396,25.684432211172037,-53.72694655468541,87,323165
1397,-42.173673886081396,-53.71515394047248,1000,324165
1398,-55.47371080900807,-53.51072247430234,1000,325165
1399,16.87912573652781,-52.912531313467134,1000,326165
1400,-60.88697645339019,-53.53688133847744,1000,327165
1401,-14.469557514540192,-53.48827292806075,1000,328165
1402,-113.92741568618445,-54.1823360264741,399,328564
1403,182.38477948797205,-52.030011999305714,935,329499
1404,-9.37152924493372,-50.83154220641938,1000,330499
1405,-251.52477184548923,-52.30358179623783,370,330869
1406,4.169617555004716,-52.4625863744471,1000,331869
1407,-35.12471457790902,-52.58579607207703,1000,332869
1408,-75.54489367597974,-50.43890426619778,544,333413
1409,7.068756328130817,-50.47220876747549,111,333524
1410,-62.426525428591354,-50.37956253352842,1000,334524
1411,-10.644298114747912,-49.963827350939276,1000,335524
1412,14.95884156821918,-49.63547013169126,1000,336524
1413,140.4652191582149,-46.908008078637195,982,337506
1414,-80.28630529834645,-46.25782599463208,1000,338506
1415,-71.88437506505943,-45.92159932290903,1000,339506
1416,-20.935403008940938,-46.43938400270124,276,339782
1417,-154.90043752431302,-45.65209597288438,843,340625
1418,95.26803226950865,-44.722336985611356,1000,341625
1419,106.95417946125983,-43.916744901771864,1000,342625
1420,-33.43989094895498,-42.87254188375674,1000,343625
1421,85.51949514793456,-41.908346937033954,1000,344625
1422,-42.28579742356516,-41.852709470662504,182,344807
1423,-76.72081898258224,-41.515498225687054,1000,345807
1424,-44.29079636395201,-39.77008176419756,1000,346807
1425,-75.94962147246054,-40.228466806725095,1000,347807
1426,-37.40534375340618,-39.43078638054803,1000,348807
1427,-6.818232194147935,-38.93443677378523,1000,349807
1428,-91.88545102895019,-39.15572996448872,289,350096
1429,35.35046823008277,-38.61899724061824,1000,351096
1430,-142.42510529592548,-39.599246300911176,109,351205
1431,26.178551629460344,-38.320996530161345,1000,352205
1432,13.029524682222734,-36.95548450659883,1000,353205
1433,-40.66095662523159,-36.88664092778394,1000,354205
1434,-115.85937841703085,-37.80729028813059,459,354664
1435,144.94481371960887,-36.263395790735196,1000,355664
1436,64.30105433219633,-35.11081707940153,1000,356664
1437,-212.52007669770745,-38.7454791476785,842,357506
1438,148.7424642052931,-37.10449514880388,766,358272
1439,-150.2486391303251,-38.28089842827683,717,358989
1440,-52.99701680895044,-38.474570995745054,1000,359989
1441,27.583451207835108,-37.79249182462458,1000,360989
1442,-180.3340146783743,-38.733129253147716,932,361921
1443,-71.66695024921738,-39.185454842284614,1000,362921
1444,-37.20179511845087,-36.987775522118504,1000,363921
1445,-34.690050097716814,-35.35367252027199,1000,364921
1446,2.4457257427348895,-34.863091035749775,1000,365921
1447,-50.496483019507274,-35.37843220686354,1000,366921
1448,-39.06292458272389,-35.39689873830409,1000,367921
1449,-2.806728404607057,-35.16932499923929,91,368012
1450,-123.45605086331041,-35.836281690156504,529,368541
1451,-94.72609127977049,-36.66294984132073,1000,369541
1452,-0.7103783612259795,-36.039040863982535,1000,370541
1453,-154.09015540938913,-36.80781076246926,795,371336
1454,-46.78079696011174,-36.70691559718053,1000,372336
1455,1.4757199938786414,-35.88301119382948,136,372472
1456,-118.24744317740391,-36.81489589031952,149,372621
1457,-28.44698208673436,-37.021938027553276,1000,373621
1458,-74.76329349384417,-37.33894492327495,1000,374621
1459,93.0068397084234,-36.1736600358489,1000,375621
1460,-48.0252196125638,-36.96184043337446,239,375860
1461,-38.2325603945242,-36.52550841301907,1000,376860
1462,193.16326258220445,-34.961920894940484,314,377174
1463,-64.65240809725692,-33.58229914134735,313,377487
1464,191.9458368892951,-31.376799033806886,896,378383
1465,-79.80413141504826,-32.12280287331643,212,378595
1466,-48.142286843284275,-32.6665345107334,1000,379595
1467,28.605871571310566,-31.99730974496868,1000,380595
1468,-44.86401060060503,-31.61726581449535,1000,381595
1469,-3.531256000718301,-31.035439376190826,102,381697
1470,-26.887216162566816,-29.474386887845718,1000,382697
1471,-44.70881002492196,-29.349943281078613,264,382961
1472,31.38322203171989,-28.721151029241945,1000,383961
1473,86.8233377014191,-27.044805171949207,1000,384961
1474,-134.0337559501316,-28.574870008852,509,385470
1475,20.79608257871481,-29.96206302084206,1000,386470
1476,-30.733943359378138,-30.23110494016049,1000,387470
1477,-17.115863640220514,-30.802537609017808,1000,388470
1478,-38.09891936573355,-29.901343757575702,1000,389470
1479,-36.98351035349543,-29.66048204875858,157,389627
1480,-61.476922992548054,-30.690104523456053,491,390118
1481,13.620346372317076,-29.000055543786374,1000,391118
1482,-30.943249260500693,-29.09630132232014,1000,392118
1483,-16.774378678837603,-28.70724030183057,1000,393118
1484,-2.836560360335416,-28.5395409863139,1000,394118
1485,-32.6546045573574,-28.933472527748606,85,394203
1486,-24.004763785731644,-28.582067146504922,1000,395203
1487,116.86576840234494,-26.76333317703409,893,396096
1488,-65.40152185788119,-25.52608702907847,1000,397096
1489,-114.87738117495157,-25.850629404557047,230,397326
1490,-3.1348434406793744,-26.169287713235253,1000,398326
1491,-169.96458571454485,-27.641225712690492,248,398574
1492,22.148617203243848,-27.382069151060687,1000,399574
1493,42.85519467456848,-26.792552342402487,1000,400574
1494,250.36370267109754,-22.56782909009594,262,400836
1495,-14.662901719529344,-21.981251213685223,1000,401836
1496,-37.99144939269414,-22.618010029723884,1000,402836
1497,301.32334804054443,-19.183039810457625,809,403645
1498,-59.54689111680047,-19.223771613535543,1000,404645
1499,-81.71771329744541,-20.209740003875282,1000,405645
1500,-48.28405878386332,-20.083710827180013,1000,406645
1501,56.555597928849615,-19.373459272746118,1000,407645
1502,18.12006389047018,-18.052984476979567,1000,408645
1503,0.9987556636773436,-19.866844715222513,1000,409645
1504,69.0140510109987,-19.082988912663186,1000,410645
1505,-66.28394241281721,-17.23058061833647,224,410869
1506,231.63408684376944,-14.95593592544882,408,411277
1507,278.54909831899283,-11.819197796479807,471,411748
1508,-25.87954864017815,-11.32254434612179,1000,412748
1509,2.936634793040008,-11.363865561472698,1000,413748
1510,-0.023679231363544773,-10.739837099500424,93,413841
1511,136.567614122708,-9.267717977125864,1000,414841
1512,145.1000185342288,-7.9663062074657685,695,415536
1513,-24.182301960008044,-9.612781418647996,1000,416536
1514,-13.475926881072885,-8.94467763447526,1000,417536
1515,-50.4580001124798,-8.730413884949463,1000,418536
1516,-49.80082799876168,-9.019068134847672,1000,419536
1517,102.07390838521096,-6.449324675752431,960,420496
1518,165.5038859870741,-5.746966138576777,600,421096
1519,-42.67297096820151,-7.24323764287139,1000,422096
1520,234.95913347709248,-4.559247398610916,625,422721
1521,-144.71827443619674,-6.861625094452229,465,423186
1522,-179.05969938637566,-8.229364114080335,717,423903
1523,213.3548020066905,-5.3286079041876055,804,424707
1524,196.4380440298081,-2.9213195002500036,776,425483
1525,33.60829211322996,-1.8257403643930998,1000,426483
1526,213.04435365286966,0.6787566096696588,986,427469
1527,-25.682289245522853,0.4901160391559095,94,427563
1528,21.093925747920824,1.6199098069246196,1000,428563
1529,78.61496505070801,2.052554775130872,1000,429563
1530,216.63250457759585,5.6431308738660855,473,430036
1531,-343.15075495426447,1.9498378080288388,152,430188
1532,11.778639445591452,1.9373289556625253,251,430439
1533,-92.31097422079249,1.4208287797069175,1000,431439
1534,-127.72409427905293,1.302181621086694,1000,432439
1535,51.89496347603991,0.3716831186510053,1000,433439
1536,-97.037764617799,-1.2417050708489479,703,434142
1537,1.2086935804219638,0.8955826319323462,1000,435142
1538,-17.862446187663355,-0.7704664719972194,1000,436142
1539,-72.87125242411135,0.0033073950649185235,316,436458
1540,258.2261723580819,3.1155392867352414,746,437204
1541,228.73057680515942,5.127010542708485,645,437849
1542,28.92832314572821,7.21963392094951,1000,438849
1543,-11.138933615883714,7.824914087282846,1000,439849
1544,19.077288942368572,8.387704927891042,1000,440849
1545,-18.64562961224218,8.548149132745788,1000,441849
1546,47.17877941671347,8.995479669485572,1000,442849
1547,219.108793725027,11.691532436930915,662,443511
1548,124.2391510535794,13.32455319329395,907,444418
1549,-46.80442355082795,12.88457624183174,1000,445418
1550,126.73196968398685,15.386456447304711,661,446079
1551,20.671407038433045,16.54043143048675,191,446270
1552,-65.57348510316776,15.891800363067327,1000,447270
1553,-93.38785870602098,16.49882333010101,431,447701
1554,27.774481240805645,17.244376112110185,1000,448701
1555,88.66139006816022,18.116232812853,901,449602
1556,-39.59492978378724,18.90275794678917,1000,450602
1557,-24.303365156552033,18.94419411609099,1000,451602
1558,201.55195098933507,21.707346560922783,309,451911
1559,32.229447470377465,21.099572638542327,129,452040
1560,141.62970643375166,22.996121899005484,774,452814
1561,-72.60262665159955,22.65242123643473,1000,453814
1562,192.61086620236608,22.64689727263634,945,454759
1563,14.577374378827804,23.439195097397192,1000,455759
1564,172.66728770424243,23.24640960554666,763,456522
1565,120.80579320788925,25.25250885177604,893,457415
1566,-51.667627145372364,25.217255448755154,464,457879
1567,87.00384138905642,25.801235146932612,1000,458879
1568,224.75855455324825,28.49746079847115,359,459238
1569,167.18018302477122,30.204575188726043,730,459968
1570,-292.2519712669153,27.55092763768256,865,460833
1571,-394.09038764177564,24.057111861514024,731,461564
1572,18.695060799411706,23.93023024919094,1000,462564
1573,-4.287024815992194,23.01912662401683,1000,463564
1574,278.09015629949874,27.14036574651313,364,463928
1575,-92.26728421169902,26.009732078608994,1000,464928
1576,184.833961302939,28.16541112523216,904,465832
1577,29.33502841997117,28.62992004583408,1000,466832
1578,144.14995571123117,30.452408796603727,914,467746
1579,214.01933015281884,32.96243720166687,702,468448
1580,-44.98586587252752,33.127347772867076,1000,469448
1581,177.9607408290828,34.770751717434734,657,470105
1582,65.96854641672358,35.73986967420698,1000,471105
1583,41.24050374564636,36.32001849845182,1000,472105
1584,209.3443974579393,38.441828076634565,533,472638
1585,164.75546044413846,40.415928726649526,752,473390
1586,-59.565718696064714,40.06031917754619,1000,474390
1587,264.5869238856064,41.5375307323788,412,474802
1588,-49.83652714082356,41.69318067954938,1000,475802
1589,2.3598122232435923,42.86555261353133,1000,476802
1590,223.76098542608793,45.134510902199,831,477633
1591,-4.525528823917287,46.78890147110528,1000,478633
1592,79.80170779622142,47.36543237703505,1000,479633
1593,-168.3617675347857,45.25326275494151,625,480258
1594,233.04248429235446,45.08005057115408,362,480620
1595,288.3890431743,48.11057002009238,247,480867
1596,-85.76757466894232,47.6328087673299,1000,481867
1597,-96.31797306060051,43.65639555631845,373,482240
1598,10.29105443995654,44.35477501188601,174,482414
1599,-147.8833741898391,43.69311840296207,281,482695
1600,-7.938622881918361,44.09657276198153,1000,483695
1601,-86.3242985700311,42.667773796992726,451,484146
1602,-92.1931132216214,41.564642025871805,1000,485146
1603,204.72240352229895,43.60187850445802,856,486002
1604,161.12212913183546,44.522959285666396,739,486741
1605,236.66272858870443,47.5524259956816,504,487245
1606,211.4839762439611,47.350924889683526,485,487730
1607,-2.3730753720021096,44.54170315277358,1000,488730
1608,-56.82165414012499,44.2322820977741,1000,489730
1609,86.1793699038525,45.06470944888224,1000,490730
1610,168.16997958187608,46.74664603701463,262,490992
1611,-224.25477516398382,43.13842214414771,813,491805
1612,-155.63000742070338,40.131121884598386,480,492285
1613,-14.154183318216198,40.231403071016295,220,492505
1614,148.13518084026313,41.847514148229656,462,492967
1615,-72.53226636191181,41.62677148573535,1000,493967
1616,-456.4119454691714,37.56066031103125,430,494397
1617,-129.26953417228043,35.24722588545634,1000,495397
1618,160.90398674855905,35.20122689307118,520,495917
1619,-38.83110706239916,35.23964553212921,1000,496917
1620,182.42569379490888,34.71431113530737,701,497618
1621,161.26177081086178,37.77411158777796,570,498188
1622,-88.21060851119861,38.682602496529725,584,498772
1623,-87.77969767967339,35.67125749966609,1000,499772
1624,-148.25142776425005,32.2243627817255,506,500278
1625,-71.61791571210557,31.172100703472147,1000,501278
1626,-91.87485970357874,28.122908569907665,181,501459
1627,-32.90829472088703,28.05064851515402,1000,502459
1628,40.596781924161405,28.245677076916426,1000,503459
1629,-121.24475843507649,26.24707984205858,127,503586
1630,98.04251202510638,25.06117991653369,851,504437
1631,136.19245569241508,29.854612023000485,917,505354
1632,-174.86292972200926,27.988196331324485,1000,506354
1633,-111.75575768550738,27.793748496677335,426,506780
1634,-77.25157548141279,28.298473684653736,1000,507780
1635,13.379083193727993,27.913314881830612,319,508099
1636,-214.92693805024578,26.73442314750615,883,508982
1637,236.92623704257255,29.09159858212766,350,509332
1638,-338.5838548506626,25.884384495497656,904,510236
1639,242.08701612187193,29.033967180957482,416,510652
1640,246.8544928976195,28.920250386352862,760,511412
1641,-110.63389413836043,25.52660567691766,673,512085
1642,-107.74118895627524,24.15991055589762,337,512422
1643,-150.5290637664549,22.76600925439191,600,513022
1644,142.3388441473835,23.998624806442063,566,513588
1645,-232.25472748909084,21.862533827673584,238,513826
1646,-173.54303438953366,19.65531568961111,815,514641
1647,-111.28900733284114,16.35133767903243,1000,515641
1648,269.58712355739834,17.80481740407062,376,516017
1649,-67.58051006281872,17.59705653895071,1000,517017
1650,-60.73323130906107,15.722404529020235,1000,518017
1651,-205.73135615168607,13.458376897119042,871,518888
1652,-200.57279765507724,12.108383771599946,985,519873
1653,-114.65856932465854,11.895676665413571,1000,520873
1654,-67.30424576230715,10.944889395382447,1000,521873
1655,2.207524596319132,10.08035074066403,1000,522873
1656,-36.16761113899763,10.11462392711193,1000,523873
1657,-80.16396802020715,9.556017898475378,1000,524873
1658,-62.84221733166558,6.912076215265373,362,525235
1659,-69.34583841341059,5.896323356427493,1000,526235
1660,11.096047215250291,4.590986764242477,1000,527235
1661,-26.131065015051224,5.05570238060796,1000,528235
1662,268.01294037105913,5.809723122294891,378,528613
1663,-24.304861159951894,5.420900766907092,1000,529613
1664,27.111859013362253,3.965346479998291,1000,530613
1665,-94.269883425355,1.814589713665849,1000,531613
1666,-47.157143290393215,1.8596945522156405,1000,532613
1667,-91.20257954295407,0.0776303428955346,1000,533613
1668,276.7021364909578,0.5970661622726311,287,533900
1669,-8.136215375534647,-1.1560978217304299,1000,534900
1670,231.13813380868189,4.077803229025545,441,535341
1671,216.25518410841502,10.18125894652745,415,535756
1672,216.00290871449732,12.154337425678307,661,536417
1673,-328.8301436175799,8.908906237662428,202,536619
1674,188.05931526391095,8.008597827306552,859,537478
1675,172.59277726525528,10.657198442076094,639,538117
1676,-80.58852171034852,8.00297361194322,1000,539117
1677,-82.79350309397978,6.881688296803711,1000,540117
1678,230.0567483824581,7.740756223515981,300,540417
1679,-214.3019626118479,3.4575432958693137,412,540829
1680,-65.18725497829107,3.2555294048116763,1000,541829
1681,-50.79736627649306,0.9679483337559188,1000,542829
1682,-51.04113010939021,-0.20214843150521936,263,543092
1683,0.9156563385946446,-0.6053969055757356,1000,544092
1684,151.00365622345288,-1.1888043179206,368,544460
1685,234.45622922621328,-0.49179663009985064,340,544800
1686,187.56158885898122,1.9794764454506082,603,545403
1687,261.6825906539441,1.950433113133987,388,545791
1688,-36.49770536153139,2.0838213309269085,1000,546791
1689,181.91546946239856,3.8793779033184568,626,547417
1690,-47.17329582372809,1.1700350908202974,1000,548417
1691,29.019681526055898,1.5054871943200316,1000,549417
1692,130.9575259760294,2.017045376118111,968,550385
1693,-134.0326651073423,2.360336400392541,1000,551385
1694,-157.51057070597346,-1.5451941495907369,433,551818
1695,-227.29753128017376,-6.702059894135475,501,552319
1696,-24.859451334183774,-6.092978660787889,228,552547
1697,-85.51737660629902,-5.984972696244874,1000,553547
1698,130.63925760036693,-4.78149066464077,836,554383
1699,-123.34123929148743,-4.536069315657255,1000,555383
1700,-69.88163511550154,-5.155499437993086,250,555633
1701,257.818094622904,-1.7140755060637338,352,555985
1702,-6.639423626964791,-0.8585386101171677,1000,556985
1703,-38.64292188248284,-3.292191864164987,1000,557985
1704,-19.63350956706425,-5.099748251153982,1000,558985
1705,-416.4603073313515,-11.630978610354541,789,559774
1706,215.65954128881992,-11.589222959905955,359,560133
1707,155.34861545042213,-10.012006051681714,598,560731
1708,139.39253647014397,-8.049864145579022,911,561642
1709,175.3426551705818,-7.15823129291173,607,562249
1710,190.53496589456827,-6.934581429784808,914,563163
1711,70.57006077374606,-3.9863330704075097,889,564052
1712,259.1427692067284,0.16139469586680805,363,564415
1713,-74.22552161539629,-0.4393186871049933,427,564842
1714,-148.3493007657457,-3.40416350316508,269,565111
1715,-37.56831819451932,-3.0545240214911553,171,565282
1716,187.95122183652157,3.3891076515657756,426,565708
1717,-77.92943495348463,3.9025086437537317,1000,566708
1718,218.1462539315009,4.474931315583152,489,567197
1719,117.79014332961809,6.041143819503322,796,567993
1720,177.472371365896,5.991610595213197,567,568560
1721,-41.083452415757726,3.9681583629469994,1000,569560
1722,3.168036908265009,4.881944817141635,174,569734
1723,100.14095681301355,6.761151362068504,1000,570734
1724,161.17828225451944,9.8554484622562,643,571377
1725,197.63823461811586,12.548009965558412,635,572012
1726,-55.252308854578025,12.914235474048418,1000,573012
1727,-82.60587705565085,12.41725965070078,700,573712
1728,259.5754573395224,14.607046404854394,326,574038
1729,-43.431350006664985,15.385180489138506,188,574226
1730,-31.349303421163057,14.091262334675815,139,574365
1731,-79.78297443340685,11.931508033417595,553,574918
1732,134.5466472398374,15.025603803036065,721,575639
1733,225.5073679965563,18.3982350598567,368,576007
1734,-96.26159744078642,18.208134840262964,181,576188
1735,-125.35460249093131,16.82079798341637,669,576857
1736,-118.05520812132498,17.78951528270558,139,576996
1737,-52.86417904855498,14.891611121794305,1000,577996
1738,150.73791324827621,19.784828802783696,861,578857
1739,149.53629095694288,18.8593215511344,740,579597
1740,226.37995511240706,18.654576173282276,455,580052
1741,160.08568144841018,21.36177192914998,793,580845
1742,-117.58590836323164,21.263324735080413,605,581450
1743,-60.94916241940439,22.15912374855092,296,581746
1744,-164.6731569781608,19.089003737295478,125,581871
1745,-98.32321966845417,20.428318815501846,410,582281
1746,233.00600166518825,24.493809176049062,714,582995
1747,-38.42369623193204,25.222462287058157,382,583377
1748,-257.4885604113291,19.951705447370877,683,584060
1749,183.29071052485097,22.46041765324758,769,584829
1750,-91.47897117990875,22.1529602545391,482,585311
1751,161.3656649007439,25.8239304650634,554,585865
1752,174.854289254119,29.578201334155366,409,586274
1753,144.42340698503682,32.16902109725232,624,586898
1754,149.34672523008885,34.335530807176276,844,587742
1755,128.58555849954556,35.59931114620855,907,588649
1756,219.43689604433246,38.155356218041845,423,589072
1757,207.98150865967025,41.03681098484062,414,589486
1758,186.4365978381987,43.529599136539254,329,589815
1759,19.132697983130868,44.414384500504674,196,590011
1760,-134.16147013065483,42.961809327045614,549,590560
1761,-20.36104167281546,43.01950956046798,350,590910
1762,103.8870095109393,41.37825025186678,768,591678
1763,239.57517991358623,44.01705066260216,365,592043
1764,-140.49949235857991,42.34093714888274,251,592294
1765,-39.25031113035793,42.891132871832724,341,592635
1766,-79.66996601518763,42.566004644584766,448,593083
1767,233.9275219913306,45.81730565992761,430,593513
1768,213.050917064774,45.180793465665786,385,593898
1769,64.45420417703713,45.906697661191494,1000,594898
1770,236.67326625000436,45.962048985604724,308,595206
1771,106.32471623434886,44.86274430686406,1000,596206
1772,181.69161647456363,44.51963138446472,923,597129
1773,9.51410366407086,47.90307385728122,145,597274
1774,297.98541156470674,49.002334820289185,313,597587
1775,2.0419650193907444,47.29682669783054,133,597720
1776,153.38834860719405,49.63659540100596,794,598514
1777,-30.201346720971344,50.16251696473604,193,598707
1778,-84.68510571681676,47.0150984237433,437,599144
1779,140.1288161803198,50.559406211664964,734,599878
1780,238.09280470640914,53.592206808511975,428,600306
1781,205.94516088157218,56.159632080092635,585,600891
1782,209.6062834616199,58.76610621580273,509,601400
1783,183.43119890404583,60.59126164145725,847,602247
1784,185.8245131768782,60.9394702109915,355,602602
1785,229.25322153660068,60.88744013409538,245,602847
1786,186.10617059910936,60.87288595149666,278,603125
1787,262.1127337758288,60.87718738271551,289,603414
1788,-44.713808206710894,60.79502635426371,204,603618
1789,241.03192826683772,61.38619094230811,382,604000
1790,-28.09478484068687,61.57697605213852,389,604389
1791,304.2702356527642,64.3294815934056,540,604929
1792,169.4136717319132,64.71404305096445,658,605587
1793,238.38157256163413,68.4381854276542,717,606304
1794,264.47102491912943,72.65800138390522,480,606784
1795,-53.65107420153379,74.39446595469163,321,607105
1796,187.36772617842152,76.51673772981769,535,607640
1797,-8.923293550347921,77.28267856037719,288,607928
1798,156.59953242145588,77.54228130858809,599,608527
1799,259.98971023067213,81.37559080380966,224,608751
1800,31.721117740550397,82.39161833237019,247,608998
1801,199.4051684264022,81.80748907040517,370,609368
1802,107.20979398856008,82.94598124656042,1000,610368
1803,263.7582231805038,85.9699926971903,234,610602
1804,276.3639596801364,88.92996738966231,324,610926
1805,211.06402645646511,95.20521072754048,400,611326
1806,309.42909352083853,96.14290624986064,457,611783
1807,-158.25764849830878,93.00684361037334,355,612138
1808,241.88583409980757,94.03177658666996,712,612850
1809,40.31257693104723,92.68147580427461,427,613277
1810,228.4652045921934,93.06077819125086,315,613592
1811,210.63501830413668,94.46142776655478,266,613858
1812,267.25094133955315,94.54250948788304,660,614518
1813,218.2637166206822,97.46740187024383,596,615114
1814,233.06527465041052,101.28154762440539,383,615497
1815,232.57717519602122,103.9830025583108,360,615857
1816,271.4591285309888,104.81808162525547,242,616099
1817,-68.1911388683073,104.91546458610725,171,616270
1818,-10.365535292530112,102.63034669386693,411,616681
1819,202.26271792125874,103.47507243978333,273,616954
1820,221.44489682704352,103.9147976943948,641,617595
1821,169.07572907406677,106.01638950929306,465,618060
1822,212.31396238478862,108.1078487640583,489,618549
1823,211.42895353236216,109.22072873125178,658,619207
1824,235.75519693562498,109.96649787806284,319,619526
1825,256.44755361917737,110.55459106807344,605,620131
1826,210.43256288877518,113.21143978550695,513,620644
1827,185.10709480712535,115.88856950413471,625,621269
1828,254.95309677339955,115.84234589847348,305,621574
1829,224.7900785713329,118.52456018425347,271,621845
1830,193.39126371072115,120.77196585557232,460,622305
1831,-0.2000572065426951,121.56779502784097,251,622556
1832,255.33795329126306,122.77570808835522,305,622861
1833,2.76579672023162,120.54829237559197,280,623141
1834,232.82009908872178,123.83910934088706,490,623631
1835,208.89235744299026,127.18157894022629,211,623842
1836,-442.32422538681936,123.93888876757136,87,623929
1837,234.52125145906695,126.81274307264755,663,624592
1838,243.71140536564565,127.74247799382125,533,625125
1839,226.372308060189,128.5108381648537,430,625555
1840,200.59775005336712,128.25301611426332,615,626170
1841,-68.39130459440551,125.96824625383515,266,626436
1842,242.08082650674092,129.56491360253486,447,626883
1843,12.742552591035942,130.30183075263926,1000,627883
1844,-175.21045475416224,130.19645777487926,476,628359
1845,-9.324199487971143,131.0864479766841,167,628526
1846,259.8949744987256,131.35533770501945,304,628830
1847,230.49126251389868,134.04448729247778,618,629448
1848,168.79054672611193,138.3072783638522,460,629908
1849,284.65484307818394,139.32091968938553,276,630184
1850,-111.40279941295118,139.1216814070551,87,630271
1851,171.39657793893383,139.221990537437,539,630810
1852,-39.188054158519535,137.08156710331062,334,631144
1853,225.99992104168135,137.89733224387703,357,631501
1854,-50.976171169842345,135.89410327987773,193,631694
1855,185.52580541492642,136.46350574903155,403,632097
1856,193.74117947568976,136.20654858334512,407,632504
1857,137.0493251314618,135.49722674806304,1000,633504
1858,217.47540156241098,135.8076147853052,219,633723
1859,207.92365750080558,137.69552438048194,422,634145
1860,15.551714028654445,139.19265622207502,147,634292
1861,190.7871605662601,141.30413824446578,321,634613
1862,237.453619365898,142.63980434301536,646,635259
1863,177.95753243899736,142.02362786826944,688,635947
1864,199.30225875038798,145.42164537935915,450,636397
1865,232.49704577517346,148.13911894841445,492,636889
1866,202.27910242073204,150.95860963277363,577,637466
1867,249.40408609582903,151.11337527381863,259,637725
1868,252.14371667138863,151.5043032698848,658,638383
1869,255.33633615364258,153.41312458965083,487,638870
1870,275.76510190005314,153.80404294615133,286,639156
1871,184.8358484972675,154.5891542687805,482,639638
1872,273.7388003839367,155.50962610787425,400,640038
1873,259.963695868491,158.01412202991844,334,640372
1874,227.1338835445178,157.30560674971656,507,640879
1875,193.35811841800444,159.2187682837027,457,641336
1876,189.0989555339628,159.57587435297037,480,641816
1877,-168.98478957495524,158.1880399244305,645,642461
1878,-44.8774762407894,158.58611621919079,149,642610
1879,220.25493996913235,159.3873774570789,569,643179
1880,-210.65746868299084,154.89987472318495,837,644016
1881,-94.16582942184478,151.89876482015075,517,644533
1882,202.70489684049207,151.82975095393948,524,645057
1883,177.98331794294984,151.7752721443285,760,645817
1884,272.9133686897103,152.64616069945686,312,646129
1885,5.361399199225488,150.4072424760831,278,646407
1886,-189.82405755880376,146.64794019450395,135,646542
1887,205.10863723737157,146.0778992291194,643,647185
1888,269.38876416817806,149.21892495286826,442,647627
1889,226.21999341976445,149.07080560439755,250,647877
1890,172.388951422285,151.07564296702725,321,648198
1891,250.79126193963648,150.54085322989596,312,648510
1892,212.30346324358885,150.96975114501274,454,648964
1893,242.04582684395282,151.0063936878359,239,649203
1894,231.67070241322494,150.67839046277686,360,649563
1895,-45.71278077403542,150.75777339705184,458,650021
1896,209.9148581705004,150.98324471697265,395,650416
1897,265.11220174325376,153.72359966990868,271,650687
1898,205.37206860677333,154.21132503176187,800,651487
1899,179.64607260308009,153.40788865548592,496,651983
1900,245.5505274372272,155.54618275245272,399,652382
1901,202.680581439569,155.57893688258437,275,652657
1902,-110.52145189534626,153.4016244237453,323,652980
1903,230.21603390152455,153.06620253095548,455,653435
1904,274.0251787680859,153.04281472183501,532,653967
1905,205.84476656969534,152.9906221229673,370,654337
1906,196.47526299267736,151.86108381768568,397,654734
1907,-28.405140988644014,153.15960889278236,1000,655734
1908,-0.13679248392354282,150.73938262694503,248,655982
1909,106.05090221403107,151.39676587977488,1000,656982
1910,186.3225456316889,150.97533929016984,548,657530
1911,285.87895593120766,151.72777866644054,286,657816
1912,254.53875524361135,151.6006568054811,297,658113
1913,246.35927970750234,151.88161243634934,781,658894
1914,260.62931859942944,152.1572528758395,553,659447
1915,169.97539754687352,151.53123509934804,611,660058
1916,257.61157588179697,151.3927595728561,458,660516
1917,230.74281523092696,154.38209911384848,567,661083
1918,6.873376852223141,154.55448823529602,1000,662083
1919,195.89656620079882,154.49082671809143,783,662866
1920,177.39996117066642,154.05037736152764,813,663679
1921,160.65243059726868,153.96614437675964,619,664298
1922,-72.41016262931043,151.11890312661865,339,664637
1923,209.83559516766508,151.1029695429717,588,665225
1924,184.58609745623667,150.5912785481778,437,665662
1925,253.68066883945215,150.56360970038054,398,666060
1926,164.5482143107472,150.10476621460026,488,666548
1927,263.13697478289396,150.88506501435793,336,666884
1928,29.80603815794106,148.63359442820337,1000,667884
1929,266.4598750576095,149.05029239306614,462,668346
1930,196.63028082564304,149.08268256421533,522,668868
1931,-160.1687147504865,147.48299598877588,404,669272
1932,230.72522764090328,147.2368687322723,376,669648
1933,-318.18229193305876,144.02738784573938,782,670430
1934,155.99562841883784,143.25914313904056,599,671029
1935,255.9197272967198,143.72941683757787,337,671366
1936,228.24723255040618,150.43513141695013,493,671859
1937,-200.1488756398789,146.08843014596064,414,672273
1938,243.4577814833574,146.08589390713777,420,672693
1939,257.86790945746634,146.40084992111053,451,673144
1940,45.813783184601164,144.85301025242288,269,673413
1941,240.55913952423148,147.94251469360927,366,673779
1942,221.40539157865834,147.73576034432844,472,674251
1943,-80.67372814724291,146.80159753694568,299,674550
1944,222.12448960004374,150.7749469804877,276,674826
1945,227.1029337891689,153.1392183132591,552,675378
1946,234.12267910497476,152.88149535932158,343,675721
1947,278.07644247722624,153.35734715895487,603,676324
1948,297.23759382342286,154.641817629928,261,676585
1949,251.00189042253587,154.30528810337148,260,676845
1950,212.20101079008805,157.5413262054019,601,677446
1951,226.3337788186575,158.09069821419914,796,678242
1952,172.2380238772914,160.20495899455727,340,678582
1953,12.129594059659624,158.06625572473703,246,678828
1954,204.50825696748626,160.6211000061103,500,679328
1955,178.38122003027053,160.54965415226377,455,679783
1956,254.41438126880064,161.15638617019488,527,680310
1957,259.54294292783106,162.38132234815853,264,680574
1958,189.14067979486788,162.09797513048312,457,681031
1959,215.14738593618017,162.17021241483684,571,681602
1960,227.87178413138327,164.29341311586413,477,682079
1961,200.0716223081026,164.38625773328258,486,682565
1962,132.84067349118718,163.34012827453546,576,683141
1963,220.31953149271612,163.76374826507265,341,683482
1964,252.46061110404062,164.2953317886092,352,683834
1965,224.65462619301297,164.2169075927876,539,684373
1966,168.63920797509442,163.8805086483312,323,684696
1967,158.94704869540487,162.97593827432698,1000,685696
1968,234.6795258574788,162.80129636618787,445,686141
1969,176.3869494050353,162.0118024987018,637,686778
1970,35.16712624140082,159.60582274211527,1000,687778
1971,231.98328237025385,160.07729708084514,405,688183
1972,193.54631836529745,159.27537226065874,469,688652
1973,214.6945115296595,158.82268041727042,676,689328
1974,269.5411211053078,159.2467527928783,344,689672
1975,231.3362393607427,159.62653400230568,499,690171
1976,212.047736290389,159.85602180986996,759,690930
1977,249.3185424755092,164.0390551303746,616,691546
1978,217.4232292947604,166.6620621857301,331,691877
1979,188.47165270206497,166.34422931305943,938,692815
1980,-242.7950757923475,166.0228532419659,668,693483
1981,216.42958175326493,169.12880735371698,957,694440
1982,202.59320104502063,169.1276903957623,483,694923
1983,211.38344014346677,169.4616916177674,570,695493
1984,160.33229329417895,168.3358808638121,788,696281
1985,118.06301779701836,169.46289704979,1000,697281
1986,243.24889539991926,173.79362657937727,407,697688
1987,216.1248479108252,173.9037886861118,424,698112
1988,231.66054485537938,173.52650649298383,336,698448
1989,187.98053447812487,173.14411190356742,566,699014
1990,-245.64513769429715,168.9637710124016,600,699614
1991,73.9516291831259,167.19537468483645,1000,700614
1992,190.25976289456264,166.9749376813462,587,701201
1993,267.6639901698255,167.231119314605,510,701711
1994,178.90252121933258,166.70343750266605,713,702424
1995,284.0965980379995,170.00153129078637,319,702743
1996,266.0604975740534,170.56298768482193,320,703063
1997,244.54156171963572,170.35728128458572,312,703375
1998,225.3335535498951,170.55689613401694,369,703744
1999,183.07764572806548,170.5912118652668,756,704500
2000,268.07810305518666,170.81648762144644,616,705116
2001,236.17883837588735,171.1514701908096,371,705487
2002,227.9355269498374,174.53603997926143,318,705805
2003,-132.40139112986563,170.90986572894752,544,706349
2004,236.80394558713954,170.5376533971381,469,706818
2005,242.90934416624785,170.9082991731036,426,707244
2006,282.98490041392506,171.77339554731606,617,707861
2007,-224.0432305272151,169.81701465193032,421,708282
2008,181.76407446882988,171.63602332145786,443,708725
2009,215.24928559250304,172.7280071552426,368,709093
2010,-130.24113424107466,169.56237035651495,308,709401
2011,234.42362084284787,169.04781700563137,369,709770
2012,-20.997949774460878,166.29244995545065,196,709966
2013,158.42095466547386,165.41306670503036,493,710459
2014,141.61319762156364,164.2229054952517,675,711134
2015,211.55804881381556,164.63873200792113,406,711540
2016,231.67094998693364,164.3793257489725,654,712194
2017,190.14782791797037,163.97337587584295,599,712793
2018,112.42958639494918,165.02893797127018,1000,713793
2019,-164.8729403038712,161.42124290622348,231,714024
2020,248.6333300909805,162.13357659542663,642,714666
2021,121.4046586193973,161.74109887564794,1000,715666
2022,-76.17564628573946,161.70344403908362,270,715936
2023,197.40607280402486,161.5791488154472,280,716216
2024,164.74483345475062,161.38073617543233,534,716750
2025,241.72147398802994,161.2611442269181,554,717304
2026,142.57087838029355,161.04137086761355,693,717997
2027,-167.87306015549254,156.7312705182297,419,718416
2028,158.9417431911118,158.0226275685614,707,719123
2029,282.22323284541216,158.18026114643945,399,719522
2030,-216.26187551106457,154.05133958307238,441,719963
2031,128.4687779931182,156.9377145105084,523,720486
2032,226.2571792330958,156.89303402643034,474,720960
2033,219.7033667846298,162.27189061360724,251,721211
2034,166.92477250219147,162.38118205444079,436,721647
2035,254.5259958586538,162.36724474006013,257,721904
2036,-253.6302714410942,157.54846970014512,550,722454
2037,248.00980093709182,162.03005646591484,279,722733
2038,209.79338016536468,161.69341245273492,326,723059
2039,271.6987380433991,161.83172073859424,395,723454
2040,214.43533401900243,163.51793624693826,332,723786
2041,226.39342599118362,163.37627911160777,446,724232
2042,177.31504518127036,162.9353756476339,904,725136
2043,273.7895613954523,166.48000854306082,403,725539
2044,83.86746981335116,165.09743834519392,834,726373
2045,230.21431880424183,165.12855219534464,638,727011
2046,242.88360069759557,165.2161614112708,265,727276
2047,247.07262567898488,164.90612324328842,268,727544
2048,144.60207144108756,163.37976801946508,811,728355
2049,155.72036506125448,162.42695276585226,519,728874
2050,251.20049287937474,162.8169475867451,543,729417
2051,149.92032966921988,162.05281309525074,495,729912
2052,288.7391735203379,163.2178245916812,393,730305
2053,197.02619812310326,165.06679063231564,669,730974
2054,248.1264013244955,165.50297207588574,424,731398
2055,246.0004814887669,166.1791646904707,309,731707
2056,212.51849947879066,165.76020587257062,317,732024
2057,246.99917427469708,165.63476818603928,484,732508
2058,129.80581160875315,165.04141950417812,1000,733508
2059,178.35957848409421,164.67354142965723,331,733839
2060,286.0173361171778,165.2549969495152,472,734311
2061,245.49792672479796,165.70925999368214,418,734729
2062,232.9921535113735,166.710774793884,314,735043
2063,-41.81980216069651,164.08938145734993,282,735325
2064,194.4872152126033,163.5096474984355,547,735872
2065,250.37226796077786,163.76682391611314,325,736197
2066,267.29674438957267,164.75339928025795,328,736525
2067,195.26332582838558,165.11656205158775,995,737520
2068,285.79640943171137,165.62773088733007,276,737796
2069,169.11189032330577,165.55498029651278,751,738547
2070,202.92687682328358,167.23257780233166,317,738864
2071,286.59996354593216,167.77874461408842,500,739364
2072,268.49195139550733,168.52820094439048,326,739690
2073,206.81941646805154,168.4494499937744,305,739995
2074,229.33806551107386,168.04741943783208,323,740318
2075,260.5034585231899,168.33909162945656,456,740774
2076,212.32514975508508,168.34186576410355,358,741132
2077,224.0002117352454,168.0886824567009,612,741744
2078,252.64204295049458,168.4408705932582,251,741995
2079,223.33897990041083,168.78954386524168,388,742383
2080,294.95409781335917,174.16703560129875,335,742718
2081,190.8925897765755,173.91166568153184,670,743388
2082,189.89018846624805,173.78463555574413,607,743995
2083,219.95524625402768,173.87035361684974,710,744705
2084,226.85068883022603,174.5355375722102,425,745130
2085,203.2096196639043,175.38700359087906,753,745883
2086,259.25267572629633,175.5470413941428,278,746161
2087,165.33879798472168,175.03918089488178,399,746560
2088,167.7352315251656,174.39992776157968,583,747143
2089,258.6700331568196,175.10682274836665,369,747512
2090,263.9617378153873,180.20289150346352,429,747941
2091,262.7659460970682,182.09103467260292,272,748213
2092,276.9742448730086,182.9581794923874,300,748513
2093,242.12450370495168,182.70278462773865,351,748864
2094,-135.8381813764413,179.55537760178086,478,749342
2095,200.25564158471218,178.716968037248,329,749671
2096,195.58094685600173,178.01217253006746,575,750246
2097,275.3622033473226,178.3203789463443,419,750665
2098,176.80070758181168,177.83505048666353,446,751111
2099,261.1945693547193,178.61621972293008,421,751532
2100,-35.00379036483145,175.58540078872994,1000,752532
2101,210.00868966851164,175.32369930165615,744,753276
2102,245.89886959700127,175.5033327281278,361,753637
2103,3.2873923374604885,176.86022056280103,241,753878
2104,241.00220788247475,176.90220318575436,366,754244
2105,211.66395506241486,176.58974929471603,554,754798
2106,-45.01967559482147,173.30970353462854,326,755124
2107,267.95946378418915,178.22973047774255,296,755420
2108,244.2426490711449,178.8545162237657,561,755981
2109,210.68749741909858,178.8088983420317,337,756318
2110,159.41986605683832,181.70550834501083,517,756835
2111,261.76806366293476,181.97895277321172,393,757228
2112,247.68707878417422,184.66580305879805,653,757881
2113,182.58346670404597,184.9074281791838,863,758744
2114,-119.56772813721282,182.29561892159603,720,759464
2115,-12.66419905309641,180.0533964429269,229,759693
2116,257.97259076490195,180.31641285070663,402,760095
2117,5.9144773799429515,178.47407934532632,304,760399
2118,202.68767585536406,179.37666023993043,464,760863
2119,230.23969690336008,183.32778661200274,311,761174
2120,216.4132556494125,183.00558586758706,479,761653
2121,197.7282906040027,183.76882218743313,278,761931
2122,146.1656435424483,185.992235085715,753,762684
2123,159.82596004992888,185.61643395817407,469,763153
2124,-1.6283544837865236,183.95270207878872,240,763393
2125,247.9746019548335,184.01523335845675,484,763877
2126,217.10209399835816,184.76054551463733,671,764548
2127,-2.039162469725568,186.41888449149508,246,764794
2128,-91.20854230315283,183.9173816365524,346,765140
2129,213.06612079771583,183.22581051607548,463,765603
2130,135.333592792035,186.74176519910642,646,766249
2131,233.09121562939774,187.78798957546923,416,766665
2132,199.18272366609284,187.5172450197992,405,767070
2133,192.61066666799468,187.24631801863285,468,767538
2134,22.87816653633476,185.80585195897427,249,767787
2135,198.73383934304002,185.24793039381817,558,768345
2136,150.82889476284345,189.2925220558575,654,768999
2137,216.88971143559138,188.9813211608425,482,769481
2138,240.16518369916093,189.2850391961805,405,769886
2139,-15.700734174073489,186.41104447400576,173,770059
2140,221.7937306518167,186.48462844033395,378,770437
2141,260.2461549651275,186.82315573007338,214,770651
2142,261.6761685224835,187.6667669634855,358,771009
2143,249.6726187261106,187.42559753679208,461,771470
2144,152.47827634721753,188.1117056021307,504,771974
2145,239.15896811441726,188.2011520952325,517,772491
2146,212.5106451806028,187.89742254006254,580,773071
2147,182.4776119892514,187.2514724031652,559,773630
2148,-254.7605635120111,183.2578460536342,984,774614
2149,221.31785180360973,183.91382092105775,667,775281
2150,41.624416086466425,181.81806015312867,345,775626
2151,239.83035543803226,182.7171604108168,330,775956
2152,200.32046489034258,181.83297332451687,559,776515
2153,248.3255070512006,182.34596641379787,383,776898
2154,249.88151374362351,182.36351753798914,386,777284
2155,248.35054449472028,182.38701816804863,463,777747
2156,270.0847006266477,182.96268017952727,355,778102
2157,-63.17685968929368,179.86091983988732,291,778393
2158,-10.165622258080703,178.46120550121893,219,778612
2159,-23.441320866684677,176.44319650771118,230,778842
2160,4.559707678664921,173.62862022332604,169,779011
2161,150.31264857598688,172.67676744183794,784,779795
2162,-18.582529689139477,170.16102060983286,287,780082
2163,183.5593467632562,172.41481209907238,567,780649
2164,195.91646865198732,172.42910463346618,332,780981
2165,-132.0722104712238,168.6046598491462,311,781292
2166,262.63806335458673,168.5580730387963,611,781903
2167,210.2430273701434,168.70787005421386,443,782346
2168,209.16752541945056,167.94158121409123,559,782905
2169,141.5778537758905,167.6662408486171,492,783397
2170,171.07999192841424,167.3477719996684,605,784002
2171,236.57204919955527,166.84749285620467,668,784670
2172,227.34318426539872,166.4360051849036,365,785035
2173,188.08587236389536,166.24866974386202,504,785539
2174,237.2642698363613,166.32793178711486,678,786217
2175,261.8666791690583,166.34156399357357,320,786537
2176,-142.4789790584438,162.7935227054383,622,787159
2177,-25.27271355100288,160.3007934525758,270,787429
2178,194.55102238246945,159.71988324689553,454,787883
2179,224.3285975142021,159.72977942303345,430,788313
2180,-13.15018632072649,156.6487365816926,268,788581
2181,-131.15172894205526,153.42829339450628,208,788789
2182,193.60590281302825,153.46545053797408,704,789493
2183,114.75048390579158,152.4134029144917,794,790287
2184,279.46369446268164,152.9395329708163,404,790691
2185,264.79365483657114,153.55537332254292,402,791093
2186,203.0311701656468,152.99315826693643,495,791588
2187,268.3870081112688,154.0236403682019,409,791997
2188,260.762783184137,154.95391588479163,380,792377
2189,274.10211876408164,155.10823674086424,428,792805
2190,-17.71495805436804,152.2914697821667,277,793082
2191,273.4776573905716,152.39858689510172,270,793352
2192,172.10359046338579,151.3498803510055,525,793877
2193,189.13882015337543,150.82002351548977,368,794245
2194,-181.60523601400922,150.36235296911408,515,794760
2195,-38.72137212411657,147.97258283202578,363,795123
2196,197.84063939924215,147.9951797574582,774,795897
2197,167.49521304573614,146.91650985444232,701,796598
2198,221.97802283197854,147.368283006944,401,796999
2199,189.7321412176549,146.65365872557337,411,797410
2200,240.39772834667534,149.40767391268844,576,797986
2201,228.83583405931557,149.59594535659645,693,798679
2202,225.41398450889884,149.39109650571544,672,799351
2203,120.91303662964967,150.56735294863734,812,800163
2204,-239.98932648292248,145.75743760498338,292,800455
2205,131.22163167476825,144.95301437110692,738,801193
2206,192.43632851510336,147.32757441220616,794,801987
2207,288.5633222074505,147.53361299643876,308,802295
2208,277.31539501392194,147.86434045586654,618,802913
2209,-98.65004213397081,144.7709650603358,532,803445
2210,114.47724346614767,144.3215388344289,542,803987
2211,203.48642842484423,143.73872248204805,573,804560
2212,-10.797869092264307,141.15387300328362,138,804698
2213,-172.2909391099064,137.60512894514414,600,805298
2214,232.25446887736751,141.12335091528993,270,805568
2215,286.90554664404476,144.11904837226132,343,805911
2216,-22.308859141205673,141.31623387320025,248,806159
2217,251.47982243103849,143.77188732371118,638,806797
2218,256.36546359149884,144.30866520107256,297,807094
2219,207.48887899703246,144.08115702200925,197,807291
2220,231.38920026772593,144.2309164681924,578,807869
2221,244.25162305088088,144.69614979266117,227,808096
2222,292.92564967227895,146.1637498539595,258,808354
2223,240.4099795326289,146.96959004878647,328,808682
2224,247.85703498497972,149.46444394347415,317,808999
2225,207.0786115189035,149.05548403911487,459,809458
2226,287.680344256816,149.76126654169946,256,809714
2227,163.7090247857342,151.41874841425405,534,810248
2228,266.8060414286031,154.9988942515716,399,810647
2229,19.709761225009487,153.06533065584452,192,810839
2230,-170.6635332992143,150.00535939493204,497,811336
2231,254.82482602159425,150.22269549885402,449,811785
2232,-76.87582358635333,147.46211002632955,643,812428
2233,261.37008406715927,148.1497042003212,206,812634
2234,258.05852869784195,150.50150782193626,267,812901
2235,253.5229358170429,151.0493987866763,532,813433
2236,222.2052624139962,151.76316246318783,274,813707
2237,155.115476991229,151.1454201187442,563,814270
2238,271.45612255436515,151.45832950729624,488,814758
2239,2.6464466428008535,151.64180131546496,162,814920
2240,168.0871172573164,151.10473518151997,549,815469
2241,282.32815120011026,151.3255551438698,655,816124
2242,263.995746785567,151.34875092650063,485,816609
2243,214.03000378620268,150.99232477710157,557,817166
2244,217.06924046717793,151.63823441830118,422,817588
2245,120.79860729361037,150.4546308100931,1000,818588
2246,242.91330206292986,150.75865737891638,448,819036
2247,182.73061580815735,150.76118741710542,500,819536
2248,-32.08984139792983,152.98789463824625,499,820035
2249,243.59854834354087,153.21070160364556,508,820543
2250,262.14635062039844,155.41592094898485,287,820830
2251,254.6403979695207,155.56402137429976,298,821128
2252,102.86894391865198,154.58950616458284,1000,822128
2253,203.4377472517919,154.14062856658876,465,822593
2254,221.91559662224105,153.86096939537495,333,822926
2255,190.27087598567365,153.2801727102845,349,823275
2256,47.020246080829395,151.04952816482628,95,823370
2257,174.05741817984284,153.42187094351763,619,823989
2258,229.1287810635701,155.81481497673417,341,824330
2259,261.83514028607453,158.66757958826173,234,824564
2260,39.32789799719154,159.015261491447,143,824707
2261,191.09717470385675,159.42310675272572,324,825031
2262,239.5465992131229,162.00439804174835,452,825483
2263,238.3646712593555,162.55245128670933,253,825736
2264,-27.379726868323445,160.31948933150622,200,825936
2265,-7.9295869403036505,161.56091556681545,283,826219
2266,99.10211142102791,159.92555604747986,848,827067
2267,181.6104045956804,159.63922981973522,371,827438
2268,-47.386183804816625,157.07369272749253,604,828042
2269,244.03712162517834,158.0982854059854,482,828524
2270,223.04490242093152,158.6179345109106,355,828879
2271,215.59977269703592,158.4082117458854,240,829119
2272,208.0197174460726,158.21497707769214,378,829497
2273,207.4605666280737,158.4087240203339,342,829839
2274,240.95589808272544,158.44564030279756,284,830123
2275,-132.03027405816118,154.50667077052537,612,830735
2276,261.0875465418983,158.54233602652877,536,831271
2277,208.55453806893456,160.88060854272817,654,831925
2278,-18.103447638621958,158.75406384251724,242,832167
2279,166.53216687951863,158.1760995361704,687,832854
2280,-12.658306032203614,158.18101833905564,1000,833854
2281,202.40084638109096,161.51654409228712,603,834457
2282,17.22813982587276,159.75276646241556,161,834618
2283,1.2204045485897126,158.61746566884355,288,834906
2284,173.52817850857681,157.5581105093025,360,835266
2285,271.97831920902473,157.62995715302705,307,835573
2286,258.1118710048163,158.18076416141872,317,835890
2287,182.9574971047116,157.32646905135311,553,836443
2288,205.47959432006922,156.77363716271245,384,836827
2289,220.2417640063299,156.23503361513494,350,837177
2290,162.546664482388,158.03764984050252,972,838149
2291,230.74644019276812,157.6103376685245,239,838388
2292,37.03310202598908,156.2596327841505,176,838564
2293,37.00341358645181,154.73827871848127,223,838787
2294,192.99243718430475,158.48425545046442,286,839073
2295,162.34697451841265,160.49493891688968,780,839853
2296,247.44860138169733,160.99101853671422,406,840259
2297,209.07271267215472,161.4067935329784,636,840895
2298,281.84675173378116,162.00548082199646,483,841378
2299,256.5162110763561,162.67332152058344,361,841739
2300,-153.7555676880952,158.73178856023577,245,841984
2301,192.3067776323067,158.3664979959657,541,842525
2302,235.2687460090542,158.46504561096722,413,842938
2303,247.53092504113084,159.73122449508202,571,843509
2304,221.2433990781667,164.34355175069294,248,843757
2305,152.8433338916038,164.55976877286128,477,844234
2306,182.4926515595491,164.46033200330575,513,844747
2307,276.63943627091953,164.3410931439404,251,844998
2308,232.9759066970034,163.89769826077125,345,845343
2309,180.4284799621491,166.68848348173245,647,845990
2310,70.28129047688749,166.24652395183983,1000,846990
2311,-10.815641759824501,164.10350324999317,183,847173
2312,213.96044715187227,166.3510864124345,449,847622
2313,242.360209985313,170.4975979033867,261,847883
2314,35.20512010462397,168.52710441565927,227,848110
2315,218.47463385607506,167.84279528777958,335,848445
2316,-243.8128582731827,165.6277552964598,471,848916
2317,267.4773055831699,165.78773012798112,366,849282
2318,3.014514081936852,163.2542206328855,162,849444
2319,277.5562981729006,163.9548948246442,510,849954
2320,269.3677418396125,164.33468024036304,602,850556
2321,252.1064974053651,164.4132289839079,332,850888
2322,-215.5284792740504,159.3286876944446,597,851485
2323,11.791528026805963,157.04250317938636,209,851694
2324,226.60656414015,156.82999847093805,346,852040
2325,229.5829484793316,157.05504184054234,425,852465
2326,208.24349407249693,156.26067333869915,310,852775
2327,245.90388252573916,157.08262191609924,548,853323
2328,274.0297842172848,157.15485934398603,303,853626
2329,162.5331378344315,158.58309311008026,728,854354
2330,296.5508802332323,163.25523724540471,287,854641
2331,227.2349102471978,162.97933808766075,539,855180
2332,206.40108595782863,165.8121071831026,471,855651
2333,183.07788314735512,165.02918517390455,565,856216
2334,243.85054194528385,164.88710530637897,556,856772
2335,256.20871615752196,164.91396310978377,318,857090
2336,288.0649436484667,165.57255992212845,253,857343
2337,-15.523428125275146,163.8661708709634,242,857585
2338,-188.69874005901397,159.26462224482964,366,857951
2339,10.02989310698102,159.33845670947142,151,858102
2340,241.01618980891152,160.06774743498738,280,858382
2341,217.2495463873003,159.41696138685927,502,858884
2342,221.77052810173842,158.994709200021,252,859136
2343,-168.33538314875204,155.17105533067144,847,859983
2344,238.74842348178342,155.3878471608175,559,860542
2345,263.8917173475986,156.81877826135735,296,860838
2346,10.065230534048467,154.49029754606858,176,861014
2347,239.06117441971017,155.0536031321841,216,861230
2348,272.41371695697984,158.0986387157332,545,861775
2349,297.5313185248976,158.63796641754675,443,862218
2350,274.3985738167971,158.76048864951076,376,862594
2351,-27.38416720058126,155.94024299780972,198,862792
2352,-276.47854123122863,152.14676814631093,809,863601
2353,266.0491048260892,152.7728817220539,287,863888
2354,270.1086629961767,153.25481238579326,340,864228
2355,242.98288479954252,153.78193247393196,373,864601
2356,286.05379752748024,156.17226798839846,269,864870
2357,255.66186237110148,156.98831243031105,332,865202
2358,223.5070997429678,156.93209561710503,376,865578
2359,197.99276407023356,156.2936718549466,572,866150
2360,-31.18133047184881,155.5885795702562,372,866522
2361,241.77260094477538,156.09533383266537,718,867240
2362,-230.29766031716716,151.3968912373625,316,867556
2363,-12.833061865524613,148.88491390611367,388,867944
2364,216.20984035972177,151.32080957839412,471,868415
2365,252.817990668825,153.9282853544854,337,868752
2366,197.0827967801967,154.90809220807708,331,869083
2367,158.89748454275497,154.68096300754783,558,869641
2368,246.1797916278887,157.61662276187488,311,869952
2369,230.0584390474824,157.47683593609793,424,870376
2370,249.7375024674928,157.74376193656354,261,870637
2371,230.9000958695081,157.89676516828828,326,870963
2372,271.3580919905436,158.530148913733,498,871461
2373,253.15797568369698,158.98712300428923,265,871726
2374,246.55350804760997,159.04309910393806,334,872060
2375,-69.42847298568249,159.6691171146628,188,872248
2376,275.03902726434524,159.80863192188733,265,872513
2377,223.67701492741423,159.95985669047212,373,872886
2378,-149.41461273203515,158.646745039538,374,873260
2379,249.84480647140538,159.47987143545686,594,873854
2380,17.620544526542275,159.7826599410443,174,874028
2381,240.1824702913324,160.16047618014673,292,874320
2382,209.12989571494882,162.07949373903747,354,874674
2383,261.92957745702995,164.68658546812188,342,875016
2384,291.9639964592815,165.8709436476289,275,875291
2385,32.40401936637764,163.47520064920243,173,875464
2386,-0.6573802400681927,160.88750813675358,196,875660
2387,225.51913229365783,161.31312448864304,430,876090
2388,227.12188210017064,161.52954736644406,473,876563
2389,180.47466424154516,161.13187636879627,276,876839
2390,40.106309815364455,159.907472822126,150,876989
2391,16.69657746131395,157.7669741948115,193,877182
2392,224.85281628429743,159.64517133739457,815,877997
2393,221.52995408707028,161.4904367424008,514,878511
2394,5.799597385154556,159.61850834440926,333,878844
2395,224.43450718552276,160.23938367108036,249,879093
2396,155.131832181864,159.31621597908202,869,879962
2397,190.03487182611383,159.1258375706216,421,880383
2398,189.8587283632405,158.20595733691619,242,880625
2399,276.08751209066816,158.4016703470593,225,880850
2400,254.1721963858865,162.48094798779914,315,881165
2401,274.11308600365317,163.2990110715126,523,881688
2402,231.18366184957875,163.25816022991785,328,882016
2403,284.9258666692406,163.63210964619896,279,882295
2404,-177.89052219670168,159.64077043345026,330,882625
2405,228.01706260082545,160.39250772054248,432,883057
2406,-5.946343864041012,158.50811776630655,189,883246
2407,5.183778667915931,155.79356119027653,153,883399
2408,258.3863331402881,156.04766545470937,553,883952
2409,-112.77311283526072,153.1156495267353,321,884273
2410,252.9910382593058,154.94274700455946,291,884564
2411,45.58162000772481,155.50671962223495,148,884712
2412,269.8055902489592,156.06517105320583,379,885091
2413,264.33819213075014,156.2849508746602,222,885313
2414,242.09953385478255,158.3538950121618,363,885676
2415,172.15840574812103,157.89073273108224,446,886122
2416,191.91864824247966,162.24804779623886,349,886471
2417,15.591021369432369,159.72918495410147,229,886700
2418,213.83141007490076,161.83735391403113,559,887259
2419,170.48872215883648,160.7666781538905,681,887940
2420,249.52609563208415,160.5682616918152,425,888365
2421,123.80777458547051,159.28527446361625,618,888983
2422,241.97680003673645,163.86032725672413,342,889325
2423,231.95939608135996,166.06200593726967,300,889625
2424,48.84935695205061,164.28443386538868,195,889820
2425,252.31082125921995,164.51171259318758,398,890218
2426,259.1656465959403,165.02093411842202,329,890547
2427,218.0022002674823,164.74191729583944,348,890895
2428,256.5049777172572,164.56666923083915,226,891121
2429,235.5566890778531,165.29690474327336,716,891837
2430,-136.61340630928126,160.96526187784823,181,892018
2431,235.5867053126393,161.04877982850266,321,892339
2432,165.58991025628796,160.64066807148723,298,892637
2433,41.340351623960714,159.22329275625327,203,892840
2434,222.4292219048777,159.00907955584924,456,893296
2435,182.01512917043482,158.26714368597837,437,893733
2436,-62.8463401660276,154.75803084783342,280,894013
2437,225.36035017957906,157.16686863088196,788,894801
2438,263.55009650825065,161.6893569965546,349,895150
2439,252.82409604231327,164.11729902590793,504,895654
2440,279.96592657433155,164.5067963935621,379,896033
2441,218.04539942795265,164.5147549239687,290,896323
2442,207.29916698674188,164.37004131281873,283,896606
2443,-28.867420477297756,165.76472093953325,238,896844
2444,249.83623957941393,165.87559910050953,351,897195
2445,-181.8919282002794,161.41776264503076,689,897884
2446,235.88789527579428,163.67598929244824,321,898205
2447,-217.57669688861534,159.10961057936498,241,898446
2448,274.9552099498768,159.13502550929394,414,898860
2449,280.23421185951577,158.96205444264012,476,899336
2450,272.32229159683123,158.94129162044047,305,899641
2451,-23.08977111391124,158.98423558130713,256,899897
2452,221.042618376338,163.95944717738283,316,900213
2453,211.20143376008755,163.4109704667228,282,900495
2454,-274.6125472379231,157.96375836438182,331,900826
2455,256.9782964090789,158.10371248047716,240,901066
2456,204.8844471782364,157.29201897698474,400,901466
2457,-6.261746588694351,154.67278288738677,221,901687
2458,248.8347222583654,154.92605911254074,363,902050
2459,274.63786993388993,155.6925101711773,496,902546
2460,174.31517262716784,157.7474752021675,235,902781
2461,35.56759236409951,155.6854251163607,213,902994
2462,261.34837639096486,160.60188548344203,238,903232
2463,199.59093356358383,162.72612543773315,398,903630
2464,217.04284653634392,162.73445549949935,272,903902
2465,289.41718229393285,163.1004474157504,292,904194
2466,206.1466424621979,163.19108587257043,277,904471
2467,250.60971113663678,164.10820813850924,227,904698
2468,-155.1825868159204,160.09458435407115,807,905505
2469,22.96828565322221,158.02368282012856,195,905700
2470,42.85099445643337,155.95481774001794,168,905868
2471,212.2114402409806,155.76793118373268,508,906376
2472,211.8768246183842,155.17311851001108,304,906680
2473,-86.67012063928445,151.7748375467813,325,907005
2474,243.3948399631314,151.7432508659365,411,907416
2475,29.972266934806214,152.73725826514138,181,907597
2476,258.45590375724765,152.5714270300704,278,907875
2477,245.95489321933667,152.79420581298965,337,908212
2478,281.75627546020905,157.1059146949121,393,908605
2479,281.481072258003,157.42227735277805,281,908886
2480,262.1275752180927,159.86734765969356,288,909174
2481,231.09041994663536,159.77642715624657,217,909391
2482,250.7980413560972,160.19310861265808,448,909839
2483,250.38084298714762,160.07762126795927,201,910040
2484,24.224984866633964,157.4002311520328,1000,911040
2485,18.30614720254978,157.2592524303945,245,911285
2486,162.6903729960378,158.89272996275554,854,912139
2487,187.861040179052,158.51614904160948,349,912488
2488,-15.26173506255293,156.09231286998227,176,912664
2489,238.52700339906983,156.6728362615575,410,913074
2490,152.64269393538189,157.79820010275768,681,913755
2491,224.59761240744263,159.87721045221895,604,914359
2492,-214.41854700397653,155.48449681933624,375,914734
2493,262.447249472313,155.89366977318863,424,915158
2494,270.7586922895831,158.54326072223293,421,915579
2495,213.20823532066996,158.43099800358436,312,915891
2496,-21.18134905703552,156.6678661911954,315,916206
2497,254.92931073657894,157.31681058030009,726,916932
2498,173.96170499738207,157.1578403466415,564,917496
2499,212.23087446710272,156.51927397040583,223,917719
2500,78.63444877451697,154.76389649429214,871,918590
2501,194.17541364486567,153.96451977070427,338,918928
2502,-93.75516448600514,150.71513150734842,219,919147
2503,235.39198146371012,150.2197926552931,384,919531
2504,257.68676833912673,154.5755655606514,652,920183
2505,229.8207990002492,154.5936029246456,239,920422
2506,196.91008476021426,156.62216721088816,957,921379
2507,223.80054130347014,158.8083348372437,263,921642
2508,228.13233426202274,158.50579484846105,624,922266
2509,10.358102699444743,159.73710700380815,174,922440
2510,243.6000645367918,159.64319726658297,375,922815
2511,282.57241618214385,162.0131052283272,647,923462
2512,269.2177663844476,162.00722698968207,267,923729
2513,153.99757527648222,160.9038208211394,765,924494
2514,-71.5242985038349,157.76758249755318,448,924942
2515,213.63368883385925,158.1823353284106,358,925300
2516,125.40938947980467,157.51724274078384,565,925865
2517,269.61752399912655,160.05750776708078,301,926166
2518,-182.56431662016232,156.09355050013016,740,926906
2519,211.59888971824944,156.5046521757243,264,927170
2520,-178.22120779435758,152.22717914145986,570,927740
2521,-225.53573979864905,148.7337439976187,435,928175
2522,220.93514637953194,148.52332746104665,559,928734
2523,-90.96168146859343,145.2941166855471,1000,929734
2524,231.73269179986306,147.12295003402522,522,930256
2525,259.13311561582265,147.19117297759124,405,930661
2526,259.03071697724266,147.18982368140428,212,930873
2527,-34.951750250514166,144.6602841762243,196,931069
2528,158.95418720624684,143.6847762711142,722,931791
2529,-64.71662249512897,140.68204315538438,1000,932791
2530,198.22788918337693,144.03045611031098,398,933189
2531,195.92055528254758,143.63379461001006,611,933800
2532,191.59113626943474,143.89380687014153,393,934193
2533,256.8906376388667,146.0493097302906,227,934420
2534,240.47246905152332,146.229742201757,240,934660
2535,-253.17662645598216,141.87782464549286,500,935160
2536,242.89926885898151,144.93528073574294,588,935748
2537,227.20686473390234,144.95374588128618,404,936152
2538,231.2680129330607,144.63092504553427,577,936729
2539,246.24543433948642,144.565138428506,475,937204
2540,6.325479774304,141.82873396050573,167,937371
2541,262.8785582949762,142.27706554917597,442,937813
2542,283.4053593770244,143.03812747307882,625,938438
2543,238.0801222229944,145.70760290008172,389,938827
2544,209.8199484900091,145.30743998918769,403,939230
2545,245.22782596289701,149.57863753081944,387,939617
2546,207.79588988363923,149.2977174768979,324,939941
2547,-35.14591758558369,151.1220252699282,217,940158
2548,-115.50535168052478,147.21741965362418,391,940549
2549,-199.75314983771935,142.41754603665183,441,940990
2550,211.0790674668777,141.80511379535227,287,941277
2551,192.9530006234346,143.96554151272574,310,941587
2552,270.7448715131644,144.46256404409402,484,942071
2553,-124.22580166799384,141.1082916898132,315,942386
2554,159.32255867903643,145.4476427489828,779,943165
2555,260.72447541489737,145.48510453904098,407,943572
2556,244.33857161406172,145.87964578339924,467,944039
2557,252.04672037223378,148.46273045300853,296,944335
2558,263.3949505373403,148.60833273579829,282,944617
2559,204.83476718372384,147.91030170829663,213,944830
2560,269.54243652020693,148.862574347227,389,945219
2561,-214.78697452670286,146.35902867831896,447,945666
2562,276.7212335991542,146.51275725040085,291,945957
2563,220.05977453153398,146.71744566008036,438,946395
2564,282.79988192030316,147.37501601391995,264,946659
2565,261.8902986124781,147.09974717710543,370,947029
2566,234.80764724553734,147.38635722493882,368,947397
2567,271.86697976312905,147.59892991120373,232,947629
2568,240.04794701205446,151.55123524948348,307,947936
2569,270.66824675485066,154.02823486049977,225,948161
2570,253.69091167929957,156.1366340327284,433,948594
2571,280.0811625510866,156.8153312558295,285,948879
2572,219.45076173665817,156.89107062701223,777,949656
2573,258.89866205888893,160.34675845399394,240,949896
2574,249.4299558094429,160.40710961245708,399,950295
2575,3.9343453468126626,160.14673039657714,181,950476
2576,236.8531341318843,159.93070270032348,392,950868
2577,140.399784560262,158.87515161373275,552,951420
2578,35.61990629038334,156.4137879220345,1000,952420
2579,209.53360262255185,155.69431322568,523,952943
2580,304.86122712587564,156.12164974475783,296,953239
2581,219.14309089658667,156.00217645425732,749,953988
2582,88.20889971570105,154.37628503785336,787,954775
2583,255.27845495979602,154.42526115757985,246,955021
2584,145.90037610487286,155.64201506996224,537,955558
2585,59.71141876344964,156.05606778557123,1000,956558
2586,253.73145905361577,156.96647864614704,437,956995
2587,273.5416180388153,157.82328442474466,283,957278
2588,229.71481751257576,160.27304995049593,374,957652
2589,234.3875751538872,160.2316556680441,300,957952
2590,-188.81317781812072,156.81709695050907,402,958354
2591,245.6980191459275,157.02810101789396,500,958854
2592,225.55868553574464,161.42787334329117,194,959048
2593,-189.71771842783357,156.9062236642897,360,959408
2594,257.5527913978833,156.7741646553727,399,959807
2595,206.87363199310042,156.710818622097,345,960152
2596,-71.05436399677595,156.2120884726996,181,960333
2597,121.53512206122849,154.8781465859461,897,961230
2598,286.91940137545015,156.00772354972676,258,961488
2599,11.381115272342498,153.99922595777917,195,961683
2600,43.90362336285547,153.65191770366255,1000,962683
2601,193.6675549813753,153.64683911702764,808,963491
2602,258.4985644651494,157.16937640653921,353,963844
2603,245.5344584337117,157.27080117623922,270,964114
2604,286.8134628825977,157.56206812167392,393,964507
2605,231.79835252472424,157.58184365691864,335,964842
2606,209.57386961008805,157.7084815054174,503,965345
2607,239.31759267281112,157.8636520191108,406,965751
2608,160.82017020629053,157.1905303785535,401,966152
2609,177.96298027635254,158.86657915432255,554,966706
2610,284.99024601591645,159.28048096911382,280,966986
2611,263.39532794472024,159.08871008673955,313,967299
2612,245.00566523336462,158.84658907522874,263,967562
2613,-234.83222170367176,154.9582911054272,893,968455
2614,267.0924098466374,158.34445818893192,202,968657
2615,223.33281035401822,158.44144940413352,246,968903
2616,233.79517853411613,159.52530729467662,283,969186
2617,235.66709291784645,159.18580298386382,232,969418
2618,22.81334276041578,161.23957957766962,140,969558
2619,258.70041151941314,161.71059479568123,385,969943
2620,274.89222965628335,166.24172917018768,296,970239
2621,243.53258289617793,170.93241239713595,349,970588
2622,246.11769651972236,171.18423789853787,217,970805
2623,272.49896930271757,174.81884440625097,232,971037
2624,-138.42417637828888,171.11727572446944,327,971364
2625,261.17589652140697,171.13770353352524,319,971683
2626,283.6085051232195,171.383481414985,324,972007
2627,251.2100706095864,174.24509962358604,487,972494
2628,-187.47311128003844,170.7808266387232,391,972885
2629,157.17544408609183,172.9997473045354,835,973720
2630,4.71146881517538,171.06458310085338,216,973936
2631,224.33386052068033,171.3487161532347,343,974279
2632,218.77152056423895,171.62051999618274,345,974624
2633,-221.7862876189703,166.83375074360433,747,975371
2634,-118.51697674462062,163.2438562856429,326,975697
2635,251.0053057491247,168.28567560769395,255,975952
2636,230.95758516614708,168.16625877076564,368,976320
2637,241.4946560568802,168.30913668399543,381,976701
2638,231.06644295813564,168.30712098424613,770,977471
2639,12.168809674036225,165.96635473759167,161,977632
2640,232.6028783574141,168.2291287234228,323,977955
2641,252.16708571395924,168.12201399761258,224,978179
2642,244.25117394074115,167.73047214324978,410,978589
2643,262.0273578633817,167.96994449965368,266,978855
2644,238.74145558736168,168.2591595706272,314,979169
2645,226.45290602466875,168.0714103712449,785,979954
2646,245.70145819691032,168.4504660543776,334,980288
2647,274.8843353499748,171.5507685837332,296,980584
2648,-168.01251126422875,171.02569698789614,570,981154
2649,233.70453765537593,175.3602738628271,491,981645
2650,239.62002570923104,175.64568344525068,267,981912
2651,266.1918667030222,176.37807210604657,328,982240
2652,192.30503922021086,175.59367378311697,438,982678
2653,262.8693664998,179.46462546479492,364,983042
2654,245.0185994036479,180.321585872041,719,983761
2655,271.024081439049,180.42458193228254,424,984185
2656,-117.87199792721651,176.80247623686978,335,984520
2657,19.53956275949517,174.4774046607424,143,984663
2658,197.70413333893964,173.8204964887584,439,985102
2659,21.793148774042876,171.99008030466157,130,985232
2660,220.5522666868458,171.50017860632798,409,985641
2661,266.8553208661816,176.31660156025683,563,986204
2662,245.98929300593812,176.0092821543247,214,986418
2663,260.3570980264086,176.4122553892734,454,986872
2664,26.952412809690614,173.85378069816733,199,987071
2665,287.0618223984459,174.10549593602695,316,987387
2666,233.16207227116206,174.0890401862832,270,987657
2667,246.2713516094286,173.8330839047462,397,988054
2668,227.72642341999375,173.7098686688256,409,988463
2669,256.43792979745024,173.56756549925166,388,988851
2670,239.9108298631728,173.42976468109035,356,989207
2671,208.31306165028013,172.71208367208226,381,989588
2672,271.5569447173748,173.23314550188945,357,989945
2673,-135.7166554646513,169.28699232665403,569,990514
2674,202.89240315866323,168.82161680014624,353,990867
2675,262.51735997967603,171.40744694647483,432,991299
2676,261.7623122791125,171.65653872794715,660,991959
2677,289.48790535285923,173.1474199358731,269,992228
2678,2.3326028337606886,172.8145469013069,203,992431
2679,268.6677331833005,173.40588820691434,232,992663
2680,265.92451762375083,173.01652111189313,267,992930
2681,227.09787151641964,173.09606891809145,501,993431
2682,161.24845593828982,173.82646448031733,955,994386
2683,252.9011692418432,173.80269162313778,349,994735
2684,240.2371626298756,174.74605948838789,350,995085
2685,258.4213263354562,176.73315856410795,396,995481
2686,210.0224439503076,176.29606841307486,279,995760
2687,276.61696501410773,176.32682188282774,263,996023
2688,151.31966008654024,175.54287030856744,767,996790
2689,281.4083475232496,176.01307803226106,561,997351
2690,49.764865141353965,178.3988584618558,265,997616
2691,-6.821007102490512,175.8736681993716,157,997773
2692,5.074401794149011,173.66882536195564,155,997928
2693,-154.88005875701452,174.01720195866383,222,998150
2694,234.92208791105938,173.79089492379558,333,998483
2695,272.00233514936804,174.44218195535825,292,998775
2696,290.6409078510263,178.05913467383627,207,998982
2697,181.14368053444264,178.65522025856842,410,999392
2698,137.57060126209467,177.16173225743486,805,1000197
2699,259.1377099785575,179.63929820449695,225,1000422
2700,253.7637215896484,181.7378991867649,599,1001021
2701,245.59484277522355,182.2571720647034,668,1001689
2702,189.70036891627907,181.56919010921465,396,1002085
2703,232.47156881657736,181.43856121304336,228,1002313
2704,245.3615726480876,181.0240423106983,229,1002542
2705,188.336046817833,180.58941925362936,449,1002991
2706,231.8860509917844,180.81254106744632,358,1003349
2707,234.49485184075488,180.76431365912578,820,1004169
2708,266.8464576563628,181.82457653362647,267,1004436
2709,281.75564931024314,182.86250322396535,379,1004815
2710,267.1647159616876,182.6842479234231,658,1005473
2711,-35.420634846660406,179.6960882955093,438,1005911
2712,238.35069348541535,179.62953857802978,357,1006268
2713,188.85542454660057,183.86641504053253,311,1006579
2714,252.16754304810797,183.7171663725472,233,1006812
2715,254.03412947856933,184.02417956379276,219,1007031
2716,311.95968546137476,184.8058246330653,274,1007305
2717,310.64632600196114,185.55561696390652,285,1007590
2718,-39.810636292103425,184.92937717338128,187,1007777
2719,274.8830331868338,185.0912033900555,401,1008178
2720,286.0853719163638,185.20313481265634,290,1008468
2721,243.23761068722735,185.20018509056683,364,1008832
2722,270.8895349824016,185.44790347519358,287,1009119
2723,232.3633568074749,185.0465473502412,289,1009408
2724,222.35519451543954,188.65434105917848,311,1009719
2725,293.19076328504434,188.97448972681485,404,1010123
2726,257.2597164245046,188.7110018398277,506,1010629
2727,239.30778056581593,188.59197893939,242,1010871
2728,107.38741466377819,191.54058419882818,958,1011829
2729,272.67445804891076,192.69557433845637,350,1012179
2730,271.46816120913917,195.36314126239603,309,1012488
2731,260.0087616215471,195.71989027340464,206,1012694
2732,276.13202672594076,196.29349533502165,280,1012974
2733,21.15516805218944,198.72290989173322,191,1013165
2734,252.79462873682002,202.4360259465476,231,1013396
