episode,score,average_score,steps,total_steps
0,-330.94794659452236,-330.94794659452236,76,76
1,-55.465742177341426,-193.2068443859319,112,188
2,-310.3651711215987,-232.25961996448748,223,411
3,-377.55112397814884,-268.58249596790284,236,647
4,-175.13088753456682,-249.89217428123567,155,802
5,-383.5288590750149,-272.16495508019887,114,916
6,-237.93454047682235,-267.27489585114506,73,989
7,-32.10797705910238,-237.8790310021397,182,1171
8,-189.93434301835032,-232.5518434483853,125,1296
9,-442.54392156193774,-253.55105125974055,166,1462
10,-187.72344925482838,-247.56672380474853,78,1540
11,-244.63876277997375,-247.32272705268394,89,1629
12,-277.3313658955219,-249.6310838867484,72,1701
13,-150.37662917395681,-242.54147997869183,178,1879
14,-426.77432256974083,-254.82366948476178,81,1960
15,-38.25342924993336,-241.28802947008506,92,2052
16,-357.5268586859835,-248.1256076592556,247,2299
17,-395.05208905077745,-256.2881899587846,188,2487
18,-367.3426837289401,-262.13316331510856,85,2572
19,-149.37076334871875,-256.49504331678907,122,2694
20,-443.22292975660235,-265.3868474329706,125,2819
21,-337.42567677771984,-268.6613396759138,113,2932
22,-531.9789590632301,-280.1099318231884,72,3004
23,-328.34292321539596,-282.1196397978637,169,3173
24,-547.0585002159166,-292.71719421458585,131,3304
25,-321.19679954396577,-293.81256365033124,90,3394
26,-295.89331166585214,-293.8896283916468,104,3498
27,-88.07120116497309,-286.53897027640846,158,3656
28,36.98938001513761,-275.38282026635517,200,3856
29,-281.11557360548784,-275.5739120443262,177,4033
30,-151.60881668056496,-271.57503800033396,131,4164
31,-316.05971957569966,-272.9651842995641,97,4261
32,-639.8170529480035,-284.08190759194105,178,4439
33,-242.1746434194526,-282.84934099863256,149,4588
34,-476.1906599234062,-288.3733786821975,132,4720
35,-282.0341521033854,-288.1972890550083,301,5021
36,-190.0432381630201,-285.54447686873834,172,5193
37,-273.0985700239302,-285.2169530044013,439,5632
38,-460.73112211675846,-289.71731631497454,411,6043
39,-317.3512657145394,-290.4081650499637,277,6320
40,-287.2203803234072,-290.3304142029745,296,6616
41,-47.98521188792009,-284.5602903383304,297,6913
42,-335.91282858139414,-285.7545354137505,252,7165
43,-307.46896252910943,-286.24804512091777,108,7273
44,-160.3712543177901,-283.4507831030705,68,7341
45,-506.127972785671,-288.2915915744314,229,7570
46,-313.81422974635797,-288.8346264291532,344,7914
47,-207.19236563506385,-287.13374599594295,104,8018
48,-456.9985706489049,-290.60037507049316,179,8197
49,-186.61573612469869,-288.52068229157726,215,8412
50,-51.75325258217707,-283.87818366982435,199,8611
51,-445.41767470197976,-286.9847123435196,93,8704
52,-556.5230545045491,-292.07034144089755,93,8797
53,-240.40116991816436,-291.1135049312173,159,8956
54,-267.16045396137963,-290.6779949135839,200,9156
55,-222.07211897655554,-289.452889986137,292,9448
56,-501.8129351544368,-293.17850481365105,162,9610
57,-36.721157070524285,-288.7568264042868,273,9883
58,-124.66551976469853,-285.97561781717513,180,10063
59,-201.9134446282702,-284.57458159736,246,10309
60,-77.10060534358209,-281.1733688718883,138,10447
61,-138.30130289074367,-278.86898071090206,378,10825
62,-217.40769880844624,-277.89340480768846,349,11174
63,-25.678871152177123,-273.9525527193211,436,11610
64,-69.05414939673253,-270.8002695912813,806,12416
65,-510.54927909620875,-274.4328303413559,274,12690
66,-38.24361869782801,-270.9076182272734,291,12981
67,-543.4178015635853,-274.9151209233956,253,13234
68,-53.58583139371265,-271.7074500606466,242,13476
69,-772.0692292615438,-278.85547547780226,182,13658
70,-529.8749450211603,-282.3909609643284,415,14073
71,-288.0265849727033,-282.4692335200004,363,14436
72,-351.2867286434872,-283.4119389326509,521,14957
73,-555.0256813127248,-287.08239491076,179,15136
74,-130.132358025881,-284.9897277522949,637,15773
75,-398.5803943493805,-286.4843417864671,180,15953
76,-151.1049794594995,-284.7261682497532,1000,16953
77,-463.0656204325421,-287.0125714828659,212,17165
78,-789.6261038781477,-293.3747680954644,380,17545
79,-330.67139520654996,-293.84097593435297,197,17742
80,-103.12408301212446,-291.48644639210323,431,18173
81,-524.8414221032322,-294.3322387788243,104,18277
82,-177.5291502077635,-292.9249726514621,1000,19277
83,-408.51862261966903,-294.301087532036,171,19448
84,-365.4046004489044,-295.13759944870503,234,19682
85,-918.4010726119565,-302.3848491366498,134,19816
86,-557.5899654278803,-305.3182412779283,107,19923
87,-148.0692719269278,-303.531321171667,175,20098
88,-139.15837676107412,-301.68443415581766,568,20666
89,-84.81602436137112,-299.2747851581016,309,20975
90,-357.6826416387736,-299.91662973481226,107,21082
91,-0.6286732510587854,-296.66349977303236,281,21363
92,-448.7874656939756,-298.29924134207477,185,21548
93,-165.64085734465922,-296.887981937847,627,22175
94,-37.56046381403614,-294.15821858917525,631,22806
95,-281.82327999628876,-294.0297296454993,120,22926
96,-236.62180897871482,-293.4378954118211,321,23247
97,-383.71328722581154,-294.3590728793108,179,23426
98,-478.481836066758,-296.2188987700931,109,23535
99,-103.85711101374864,-294.29528089252966,511,24046
100,-539.9867637504462,-296.3856690640889,104,24150
101,-29.850408555111073,-296.1295157278666,346,24496
102,-374.6272971117432,-296.7721369877681,194,24690
103,-296.4980769829335,-295.9616065178159,177,24867
104,-112.97302436815546,-295.34002788615174,203,25070
105,-294.0764619027357,-294.44550391442897,341,25411
106,-167.86083413393757,-293.7447668510002,186,25597
107,-17.838967096766112,-293.6020767513768,336,25933
108,-362.218925579469,-295.32492257698794,109,26042
109,-311.5653223200607,-294.0151365845692,108,26150
110,-260.10034827889046,-294.7389055748098,303,26453
111,-318.5600133744459,-295.47811808075454,155,26608
112,202.49237457663565,-290.6798806760329,731,27339
113,-122.78400567871896,-290.40395444108054,234,27573
114,-323.0366961999116,-289.3665781773823,228,27801
115,-169.1954644609021,-290.67599852949195,222,28023
116,157.71102692443134,-285.5236196733878,684,28707
117,-89.49909680719284,-282.468089750952,245,28952
118,-350.5185017609375,-282.2998479312719,174,29126
119,-571.9682406251841,-286.52582270403656,108,29234
120,-819.3457760037036,-290.28705116650764,93,29327
121,-556.772332860284,-292.4805177273332,176,29503
122,-247.8917600984067,-289.63964573768504,184,29687
123,-432.8142236009863,-290.68435874154096,155,29842
124,-297.56731389438755,-288.1894468783256,162,30004
125,-65.79838325914773,-285.6354627154775,329,30333
126,-92.08854715052006,-283.5974150703242,195,30528
127,-161.18260642170083,-284.32852912289144,374,30902
128,-170.75783579194749,-286.40600128096236,171,31073
129,238.6424604910993,-281.2084209399964,662,31735
130,-259.67613316829147,-282.2890941048737,195,31930
131,-56.58001280728499,-279.6942970371895,245,32175
132,-70.19902236580477,-273.9981167313675,229,32404
133,-141.7712468342809,-272.9940827655157,190,32594
134,-192.20692696466332,-270.1542454359284,74,32668
135,-240.40359197367644,-269.7379398346313,346,33014
136,-129.52572584980845,-269.13276471149925,103,33117
137,-223.01915975874675,-268.6319706088474,399,33516
138,14.209495268580062,-263.882564434994,1000,34516
139,-17.974942139006984,-260.8888011992387,248,34764
140,-120.85756163633765,-259.225173012368,695,35459
141,-344.0464153183059,-262.1857850466718,558,36017
142,-330.0545347038408,-262.1272021078963,172,36189
143,-207.1180877446982,-261.12369336005213,139,36328
144,-427.6060445752298,-263.79604126262655,463,36791
145,-260.7078352045736,-261.3418398868156,292,37083
146,-125.80459296149581,-259.4617435189669,109,37192
147,-94.64083034227279,-258.336228166039,1000,38192
148,-402.59222125645437,-257.7921646721145,335,38527
149,-119.63556858581435,-257.12236299672566,361,38888
150,-80.4505828464608,-257.40933629936853,227,39115
151,-37.3993460612752,-253.32915301296146,493,39608
152,-310.5832062040384,-250.86975452995637,358,39966
153,-0.15746121217014775,-248.46731744289642,449,40415
154,126.8145922486308,-244.52756698079637,987,41402
155,-58.51306714185305,-242.89197646244926,1000,42402
156,-128.04802966007585,-239.15432740750566,1000,43402
157,-59.677590819414746,-239.38389174499457,122,43524
158,-462.8346706244488,-242.76558325359204,226,43750
159,-123.7944597903954,-241.9843934052133,584,44334
160,-324.32444941694934,-244.456631845947,288,44622
161,-88.14001892501147,-243.9550190062897,401,45023
162,-190.40800339492193,-243.6850220521544,421,45444
163,-203.40831175834956,-245.46231645821615,287,45731
164,-215.9777941207945,-246.93155290545678,321,46052
165,162.84035890173175,-240.19765652547736,753,46805
166,-166.37148710485354,-241.47893520954764,901,47706
167,-302.0602212850297,-239.06535940676204,848,48554
168,-45.309460528896736,-238.9825956981139,363,48917
169,-132.3825182241019,-232.5857285877395,147,49064
170,8.430794372154836,-227.20267119380634,174,49238
171,-183.85884869408312,-226.16099383102016,289,49527
172,-147.7884372988696,-224.12601091757398,753,50280
173,-108.91191014745331,-219.66487320592128,437,50717
174,32.58328839334632,-218.03771674172899,305,51022
175,-5.0928653554003915,-214.10284145178917,188,51210
176,-169.67498906942149,-214.28854154788843,131,51341
177,-99.35169383845758,-210.65140228194755,1000,52341
178,205.9709892119462,-200.6954313510466,614,52955
179,190.27417164800588,-195.48597568250108,791,53746
180,229.76183922277164,-192.15711646015214,497,54243
181,-90.69562136442049,-187.81565845276396,1000,55243
182,-197.79662990140253,-188.01833324970036,372,55615
183,-151.29853908627507,-185.44613241436645,173,55788
184,27.99068179223653,-181.512179591955,305,56093
185,-115.97942502106713,-173.48796311604613,1000,57093
186,-158.6055378770604,-169.49811884053793,141,57234
187,25.632089494475196,-167.76110522632388,357,57591
188,-298.48218235725835,-169.35434328228578,543,58134
189,-101.81181915668657,-169.52430123023888,1000,59134
190,-195.30904855703008,-167.90056529942143,231,59365
191,-103.72504355441971,-168.93152900245502,1000,60365
192,-116.05366658526091,-165.6041910113679,1000,61365
193,-124.76303020629422,-165.19541273998428,1000,62365
194,103.97458226807497,-163.7800622791632,1000,63365
195,-28.900422484942837,-161.25083370404974,201,63566
196,-90.92678867678315,-159.7938835010304,1000,64566
197,-94.29772249257172,-156.899727853698,1000,65566
198,-508.8399661114367,-157.20330915414476,230,65796
199,-121.2534188448859,-157.37727223245616,1000,66796
200,-115.83199268129272,-153.13572452176462,1000,67796
201,-86.63309904033531,-153.70355142661685,1000,68796
202,-135.326830753993,-151.31054676303935,1000,69796
203,-36.21822920685254,-148.70774828527854,313,70109
204,-103.37158495862327,-148.6117338911832,1000,71109
205,-117.16434500718937,-146.84261272222776,1000,72109
206,-209.93919620634645,-147.26339634295186,553,72662
207,-76.1279892885532,-147.84628656486976,1000,73662
208,-61.73933696732388,-144.8414906787483,1000,74662
209,-141.43883992657288,-143.14022585481342,250,74912
210,-130.46472320468632,-141.8438696040714,1000,75912
211,-109.21662807137368,-139.75043575104067,1000,76912
212,-181.88945340251826,-143.5942540308322,186,77098
213,-94.08353585221963,-143.30724933256718,1000,78098
214,-83.92411753767637,-140.91612354594486,1000,79098
215,-120.13833243429478,-140.42555222567876,126,79224
216,-101.77854770202484,-143.02044797194333,1000,80224
217,-117.37873507656688,-143.29924435463704,673,80897
218,-87.15044884922331,-140.6655638255199,1000,81897
219,-100.52051676296574,-135.95108658689776,1000,82897
220,-83.02283923443784,-128.5878572192051,1000,83897
221,-109.41428959244224,-124.11427678652666,1000,84897
222,-112.34333326536242,-122.75879251819623,1000,85897
223,-295.8968905657936,-121.38961918784427,415,86312
224,-111.44039246917012,-119.5283499735921,1000,87312
225,-66.80007230265595,-119.5383668640272,1000,88312
226,-114.44563695147711,-119.76193776203678,1000,89312
227,-99.73444188638116,-119.14745611668357,1000,90312
228,-95.40738245312399,-118.39395158329535,1000,91312
229,-179.18278215200337,-122.57220400972638,128,91440
230,-112.91735223654187,-121.10461620040887,1000,92440
231,-70.7420820477412,-121.24623689281343,1000,93440
232,-55.32911750515257,-121.09753784420691,1000,94440
233,-97.52532036688473,-120.65507857953297,1000,95440
234,-52.19560286750768,-119.25496533856142,117,95557
235,-79.35140735255696,-117.6444434923502,1000,96557
236,-21.913596859252944,-116.56832220244465,1000,97557
237,-80.26054966671818,-115.14073610152437,418,97975
238,-83.77535391744043,-116.12058459338455,1000,98975
239,119.11447995596572,-114.74969037243483,955,99930
240,-65.95261364176683,-114.20064089248912,1000,100930
241,-120.78167000580316,-111.9679934393641,1000,101930
242,-125.38853716351791,-109.92133346396085,1000,102930
243,-15.010162001312722,-108.00025420652699,159,103089
244,-144.2185817491861,-105.16637957826657,707,103796
245,-175.85657350291604,-104.31786696125,863,104659
246,-136.45587297146548,-104.4243797613497,1000,105659
247,-158.58621094838173,-105.0638335674108,657,106316
248,-84.76968597509527,-101.88560821459721,511,106827
249,-79.1827988198177,-101.48108051693725,1000,107827
250,-133.2771512777903,-102.00934620125055,1000,108827
251,-144.42418395627922,-103.07959458020059,224,109051
252,-100.1894135774261,-100.97565665393444,1000,110051
253,-162.3442120147085,-102.59752416195983,1000,111051
254,-231.8818253795542,-106.18448833824168,849,111900
255,-194.952806405908,-107.5488857308822,326,112226
256,-207.1472568672627,-108.33987800295408,1000,113226
257,-97.68841375138217,-108.71998623227377,1000,114226
258,-98.21370884738297,-105.07377661450312,1000,115226
259,-97.82134062218044,-104.81404542282094,1000,116226
260,-94.11358686983345,-102.51193679734979,85,116311
261,-179.17769165603883,-103.42231352466005,851,117162
262,-96.83487684156161,-102.48658225912646,1000,118162
263,-197.88004232276387,-102.4312995647706,682,118844
264,-117.1774284167393,-101.44329590773006,1000,119844
265,-193.6770497309633,-105.008469994057,660,120504
266,-233.78635531950863,-105.68261867620355,841,121345
267,-156.5867206510428,-104.22788366986367,1000,122345
268,-1.5919209661357456,-103.79070827423605,207,122552
269,-16.969108572450196,-102.63657417771954,1000,123552
270,-123.68869753198874,-103.95776909676098,1000,124552
271,-88.1185750733658,-103.00036636055381,1000,125552
272,-113.54540161868061,-102.65793600375193,1000,126552
273,-164.15987789420083,-103.2104156812194,1000,127552
274,-113.95883342811115,-104.67583689943397,1000,128552
275,7.610221503313468,-104.54880603084685,184,128736
276,-139.93432819300784,-104.2513994220827,506,129242
277,-74.08603079525577,-103.99874279165067,1000,130242
278,-174.95721970919857,-107.80802488086212,786,131028
279,-93.64331141486501,-110.64719971149084,1000,132028
280,-187.01442614873048,-114.81496236520589,627,132655
281,-101.99888652570279,-114.92799501681867,1000,133655
282,-112.58845215100226,-114.07591323931467,1000,134655
283,-55.41122910555353,-113.11704013950747,1000,135655
284,-110.24913865011968,-114.49943834393099,129,135784
285,-252.63899444468043,-115.86603403816714,985,136769
286,-62.178830771962495,-114.90176696711619,1000,137769
287,248.3577308960334,-112.6745105531006,554,138323
288,-116.10658286009426,-110.85075455812895,139,138462
289,-120.47738712001635,-111.03741023776224,1000,139462
290,-58.98853932336673,-109.67420514542562,1000,140462
291,-65.53271629683354,-109.29228187284976,1000,141462
292,-69.10072973542405,-108.8227525043514,1000,142462
293,-40.3827627192051,-107.97894982948051,1000,143462
294,-59.172600244594356,-109.6104216546072,1000,144462
295,-69.30780199948593,-110.01449544975264,1000,145462
296,-13.340753782110212,-109.2386351008059,255,145717
297,-183.44372746971752,-110.13009515057736,918,146635
298,-112.67242196088446,-106.16841970907183,140,146775
299,-142.3366158173011,-106.379251678796,681,147456
300,-108.32391703597338,-106.3041709223428,1000,148456
301,-124.3452250099341,-106.6812921820388,1000,149456
302,-133.8753894200241,-106.6667777686991,871,150327
303,-154.898758923671,-107.8535830658673,1000,151327
304,-102.0601880845094,-107.84046909712615,141,151468
305,-86.12790234396506,-107.53010467049391,1000,152468
306,93.29650969788977,-104.49774761145154,990,153458
307,-118.50993911677473,-104.92156710973377,1000,154458
308,-119.25917107536604,-105.49676545081418,1000,155458
309,-115.00932341698565,-105.2324702857183,1000,156458
310,-80.37559158414307,-104.73157896951287,1000,157458
311,-70.80527080189628,-104.34746539681808,1000,158458
312,-60.83267572190404,-103.13689762001195,1000,159458
313,-241.75796714784303,-104.61364193296818,804,160262
314,74.8436996119672,-103.02596376147176,964,161226
315,-209.14073513866407,-103.91598778851545,647,161873
316,-183.6062018973572,-104.73426433046876,135,162008
317,-119.81975436486111,-104.75867452335171,562,162570
318,-65.81966425170171,-104.54536667737648,157,162727
319,-150.1996062198144,-105.04215757194495,168,162895
320,-102.59069460984105,-105.23783612569898,511,163406
321,-184.56501170763775,-105.98934334685096,763,164169
322,-265.84798460530027,-107.52438986025032,727,164896
323,-140.21618059525787,-105.96758276054497,173,165069
324,-96.63380026537735,-105.81951683850704,572,165641
325,84.77321762434445,-104.30378393923705,806,166447
326,-79.28476175492186,-103.9521751872715,1000,167447
327,-135.57487609562213,-104.31057952936389,160,167607
328,-146.8752757784282,-104.82525846261694,866,168473
329,-94.83705349931233,-103.98180117609002,108,168581
330,-164.77550215461753,-104.50038267527081,413,168994
331,11.249377977563638,-103.68046807501776,1000,169994
332,-184.86729797453296,-104.97584987971157,937,170931
333,-102.98931130419666,-105.0304897890847,1000,171931
334,-232.81672101867855,-106.8367009705964,896,172827
335,-11.470443839224894,-106.15789133546308,1000,173827
336,-243.30377172129752,-108.3717930840835,158,173985
337,-270.2879146266218,-110.27206673368255,678,174663
338,-196.19723820264662,-111.39628557653462,671,175334
339,-294.7778797858427,-115.53520917395272,743,176077
340,-134.70961808322062,-116.22277921836724,334,176411
341,34.52893431657064,-114.6696731751435,938,177349
342,-49.18196985299361,-113.90760750203826,1000,178349
343,-74.35470341010537,-114.50105291612617,227,178576
344,-159.30784974340963,-114.6519455960684,799,179375
345,-457.6293961437928,-117.46967382247718,817,180192
346,136.2152454212773,-114.74296263854974,754,180946
347,-182.92831171693012,-114.98638364623524,143,181089
348,-143.46969586822178,-115.5733837451665,221,181310
349,-208.89180506623828,-116.8704738076307,984,182294
350,40.26833873251189,-115.13501890752768,986,183280
351,-43.79441153921582,-114.12872118335704,1000,184280
352,-149.0659777889517,-114.61748682547231,205,184485
353,186.80188312731207,-111.1260258740521,256,184741
354,-119.79207042163647,-110.00512832447295,1000,185741
355,241.59284992770864,-105.63967176113678,213,185954
356,-208.83411033606228,-105.65654029582474,765,186719
357,-90.0674923387351,-105.58033108169828,289,187008
358,-147.63512330642303,-106.0745452262887,165,187173
359,-142.86789045755557,-106.52501072464243,1000,188173
360,84.47768647854639,-104.73909799115864,858,189031
361,-397.2480848220836,-106.91980192281908,962,189993
362,-86.4690049233139,-106.8161432036366,1000,190993
363,-119.57642042885595,-106.03310698469751,728,191721
364,-83.15495864002321,-105.69288228693036,1000,192721
365,-53.40777011610958,-104.29018949078183,1000,193721
366,-218.3763343778875,-104.13608928136563,999,194720
367,-95.55224622098224,-103.52574453706504,1000,195720
368,-37.18609914058124,-103.88168631880949,1000,196720
369,-118.41681688490348,-104.896163401934,1000,197720
370,-131.6365913474676,-104.9756423400888,1000,198720
371,-98.08709509171597,-105.0753275402723,1000,199720
372,-155.66817737897796,-105.49655529787528,1000,200720
373,-40.740678888478726,-104.26236330781806,193,200913
374,-220.5233902891635,-105.32800887642857,331,201244
375,-172.34197459489678,-107.1275308374107,224,201468
376,-118.96392124469519,-106.91782676792752,1000,202468
377,-208.22734593122823,-108.25923991928728,840,203308
378,-71.0953189085967,-107.22062091128126,1000,204308
379,-93.8307043999231,-107.2224948411318,1000,205308
380,-90.57595033469677,-106.25811008299148,179,205487
381,-211.60513634689144,-107.35417258120337,1000,206487
382,-150.49679859228368,-107.7332560456162,757,207244
383,-89.91819726755365,-108.07832572723619,113,207357
384,-143.94251964443686,-108.4152595371794,1000,208357
385,-126.49393022744512,-107.15380889500702,1000,209357
386,-112.35203627636682,-107.65554095005108,128,209485
387,-8.442309525275986,-110.22354135426416,1000,210485
388,-154.61242548301607,-110.60859978049339,1000,211485
389,-122.81874371676501,-110.63201334646088,1000,212485
390,-83.40471383414136,-110.87617509156863,144,212629
391,-98.89798771709468,-111.20982780577123,1000,213629
392,-65.91106163869412,-111.17793112480393,215,213844
393,-77.38005890484195,-111.5479040866603,1000,214844
394,-65.13238000450418,-111.6075018842594,1000,215844
395,-139.8271011322372,-112.31269487558691,1000,216844
396,-133.37760544918348,-113.51306339225762,1000,217844
397,-99.92212143911281,-112.6778473319516,1000,218844
398,-143.28375526462204,-112.98396066498896,1000,219844
399,-71.28057598815272,-112.27340026669746,1000,220844
400,-88.02499215558245,-112.07041101789355,841,221685
401,-45.19131608184332,-111.27887192861265,1000,222685
402,-30.819832636735697,-110.24831636077977,1000,223685
403,-86.59357794380695,-109.56526455098115,59,223744
404,-63.730291679144976,-109.18196558692749,1000,224744
405,-69.95363100675141,-109.02022287355535,1000,225744
406,-54.275570183980676,-110.49594367237405,1000,226744
407,-36.55315979152277,-109.67637587912154,1000,227744
408,104.43201488832209,-107.43946401948465,916,228660
409,137.02671288739396,-104.91910365644088,918,229578
410,-36.80979999132593,-104.48344574051269,1000,230578
411,-58.792810863492356,-104.36332114112864,1000,231578
412,-77.25478212637657,-104.52754220517336,152,231730
413,-83.52089582825747,-102.9451714919775,1000,232730
414,-62.54858550261069,-104.31909434312328,1000,233730
415,122.362212260821,-101.00406486912846,942,234672
416,-34.07407039178461,-99.50874355407274,1000,235672
417,-83.1394633711966,-99.14194064413608,1000,236672
418,-65.24214753516179,-99.13616547697069,1000,237672
419,-30.027778040052528,-97.93444719517305,1000,238672
420,-17.743113858252972,-97.08597138765717,1000,239672
421,-17.96874774301508,-95.42000874801093,1000,240672
422,-87.90282707701459,-93.64055717272805,144,240816
423,-89.08818902529124,-93.12927725702839,1000,241816
424,-3.850144181158015,-92.20144069618622,1000,242816
425,-58.79280941015791,-93.63710096653124,1000,243816
426,-61.490142441897376,-93.45915477340101,1000,244816
427,-36.47328647694546,-92.46813887721423,1000,245816
428,-56.846275941764056,-91.56784887884756,1000,246816
429,-60.19502818266355,-91.22142862568107,1000,247816
430,-58.928207571330105,-90.16295567984824,1000,248816
431,-43.598065528297006,-90.71143011490683,1000,249816
432,-27.91107347975735,-89.14186786995907,1000,250816
433,-88.82440895187423,-89.00021884643587,1000,251816
434,-111.18274697697305,-87.78387910601879,1000,252816
435,-160.04716055501302,-89.26964627317669,1000,253816
436,-123.03637009075085,-88.06697225687121,1000,254816
437,-90.85274344988768,-86.27262054510389,1000,255816
438,-60.569193357632365,-84.91634009665376,1000,256816
439,-129.40932747014187,-83.26265457349673,1000,257816
440,-81.95308756973304,-82.73508926836185,130,257946
441,-92.63298603173405,-84.0067084718449,1000,258946
442,-121.53012637627839,-84.73019003707776,1000,259946
443,-137.53934850177703,-85.36203648799446,1000,260946
444,-121.97008290617104,-84.98865881962207,1000,261946
445,-35.5305475754068,-80.76767033393823,1000,262946
446,-109.94529033941151,-83.22927569154511,1000,263946
447,-62.774273880623696,-82.02773531318203,1000,264946
448,-120.34496378534419,-81.79648799235326,1000,265946
449,-322.6129923605546,-82.93369986529643,882,266828
450,-133.06530262793476,-84.66703627890088,1000,267828
451,-133.7834942056689,-85.56692710556543,1000,268828
452,198.4516127536416,-82.0917512001395,247,269075
453,-162.39050019845322,-85.58367503339714,1000,270075
454,-98.65155170327179,-85.3722698462135,1000,271075
455,-33.67731530647249,-88.12497149855531,1000,272075
456,-18.209004573003277,-86.21872044092474,1000,273075
457,-39.51200988472768,-85.71316561638464,1000,274075
458,-54.13976020985389,-84.77821198541896,1000,275075
459,-111.5789832995316,-84.46532291383872,288,275363
460,-105.31268497610992,-86.36322662838529,215,275578
461,-50.5844268550233,-82.89659004871469,1000,276578
462,-45.47908353580205,-82.48669083483958,1000,277578
463,-53.094663144682215,-81.82187326199784,1000,278578
464,-68.91496159524897,-81.6794732915501,1000,279578
465,-35.81599467238752,-81.50355553711286,1000,280578
466,-59.93357311715008,-79.91912792450549,1000,281578
467,-22.232326784841824,-79.18592873014408,1000,282578
468,-39.254994811327315,-79.20661768685154,1000,283578
469,-37.00261616637329,-78.39247567966623,1000,284578
470,-74.98206163984455,-77.82593038259002,1000,285578
471,-88.289041413222,-77.72794984580509,1000,286578
472,-53.852854386319336,-76.70979661587849,1000,287578
473,-73.08901258160543,-77.03327995280975,1000,288578
474,-110.54013261877594,-75.93344737610587,1000,289578
475,-66.1534867178726,-74.87156249733563,1000,290578
476,-61.591891940936534,-74.29784220429805,1000,291578
477,-70.59965259885098,-72.92156527097427,1000,292578
478,-147.76555174843273,-73.68826759937264,1000,293578
479,-69.39334027587526,-73.44389395813215,1000,294578
480,-91.08296176693997,-73.44896407245457,1000,295578
481,-106.74910753167944,-72.40040378430245,1000,296578
482,-72.79907222765672,-71.62342652065618,1000,297578
483,-96.26779599319093,-71.68692250791256,1000,298578
484,150.20613736663884,-68.7454359378018,1000,299578
485,-112.94661536279335,-68.60996278915529,1000,300578
486,-107.89750351951899,-68.56541746158682,1000,301578
487,-60.73719660549007,-69.08836633238896,1000,302578
488,-89.3496704558455,-68.43573878211726,1000,303578
489,-124.33820480563604,-68.45093339300597,1000,304578
490,-62.6304515907872,-68.24319077057243,1000,305578
491,-93.13864092916425,-68.18559730269313,1000,306578
492,-70.9957068259014,-68.2364437545652,1000,307578
493,-135.93129428961146,-68.82195610841289,1000,308578
494,-124.44463818485121,-69.41507869021636,1000,309578
495,-74.05704774182112,-68.7573781563122,1000,310578
496,-21.674372291252592,-67.64034582473289,1000,311578
497,-43.40001117942558,-67.07512472213602,1000,312578
498,-67.1006739687059,-66.31329390917686,1000,313578
499,-28.36467125808659,-65.88413486187619,1000,314578
500,-34.95659172314794,-65.35345085755185,1000,315578
501,-96.57838348899018,-65.86732153162332,1000,316578
502,-72.8639159313295,-66.28776236456925,1000,317578
503,-90.4008698180897,-66.32583528331207,1000,318578
504,-34.82177729083673,-66.03675013942899,1000,319578
505,-91.59019168473736,-66.25311574620886,1000,320578
506,-56.099350919620385,-66.27135355356525,1000,321578
507,-85.06409823615657,-66.7564629380116,1000,322578
508,-65.22488152564206,-68.45303190215122,1000,323578
509,-48.29724119283417,-70.30627144295352,1000,324578
510,-47.49732138278709,-70.41314665686814,1000,325578
511,-97.52886564696378,-70.80050720470284,1000,326578
512,-74.13549083820006,-70.76931429182108,1000,327578
513,-131.5392289889365,-71.24949762342789,1000,328578
514,-84.57736970985239,-71.4697854655003,1000,329578
515,-134.95465413068337,-74.04295412941534,1000,330578
516,-140.81664208900176,-75.11037984638752,637,331215
517,-137.60980724225664,-75.6550832850981,1000,332215
518,-90.83576613097632,-75.91101947105625,1000,333215
519,-184.00150090749966,-77.45075669973072,713,333928
520,-123.64785586047338,-78.50980411975291,1000,334928
521,-131.15432033696356,-79.64165984569242,1000,335928
522,-200.7956941638338,-80.77058851656061,933,336861
523,-121.67381290206795,-81.09644475532836,1000,337861
524,-93.09704280448841,-81.98891374156166,1000,338861
525,-107.26229663975906,-82.47360861385766,1000,339861
526,-108.8746980922678,-82.94745417036138,1000,340861
527,-149.76956795309152,-84.08041698512285,1000,341861
528,-142.24999833234145,-84.93445420902863,1000,342861
529,-191.45896177797388,-86.24709354498172,1000,343861
530,-156.27924031693684,-87.2206038724378,1000,344861
531,-173.2760478885802,-88.51738369604061,1000,345861
532,-115.22834362527206,-89.39055639749579,1000,346861
533,-192.37870835476767,-90.4260993915247,1000,347861
534,-129.77773008963152,-90.6120492226513,1000,348861
535,-154.01499194997137,-90.55172753660086,1000,349861
536,-116.38790703104789,-90.48524290600385,1000,350861
537,-181.19115974683567,-91.38862706897334,1000,351861
538,-145.12525664097907,-92.23418770180679,1000,352861
539,-115.93398667585096,-92.09943429386387,1000,353861
540,-29.720133062294533,-91.57710474878948,1000,354861
541,-140.3242890939436,-92.0540177794116,1000,355861
542,-153.37155837075042,-92.37243209935632,1000,356861
543,-121.31136389657507,-92.2101522533043,1000,357861
544,-141.78074560361986,-92.40825888027881,1000,358861
545,-191.1342371516017,-93.96429577604076,1000,359861
546,-110.9916406841002,-93.97475927948763,1000,360861
547,-112.67219322246653,-94.47373847290606,1000,361861
548,-138.87113402415574,-94.65900017529415,1000,362861
549,-95.58800155254723,-92.38875026721409,229,363090
550,-165.60896329935517,-92.71418687392828,1000,364090
551,-117.93298543243229,-92.5556817861959,1000,365090
552,-118.53268833332123,-95.72552479706553,1000,366090
553,-115.52532097469683,-95.256873004828,1000,367090
554,-51.50348760816297,-94.78539236387691,1000,368090
555,-132.01314376327448,-95.76875064844494,1000,369090
556,-73.02342161321431,-96.31689481884705,1000,370090
557,-118.09824559855294,-97.10275717598527,267,370357
558,-99.99530618636467,-97.5613126357504,1000,371357
559,-96.68509599568006,-97.41237376271187,184,371541
560,-86.50228335542049,-97.22426974650497,1000,372541
561,-167.94056658793087,-98.39783114383408,187,372728
562,-124.00838735138744,-99.18312418198991,185,372913
563,-102.1897341837367,-99.67407489238047,1000,373913
564,-105.98171413004886,-100.04474241772844,1000,374913
565,-99.01546145034145,-100.67673708550798,1000,375913
566,-175.42892181513795,-101.83169057248786,1000,376913
567,-111.15530758250587,-102.72092038046449,259,377172
568,-107.86926654282952,-103.4070630977795,348,377520
569,-69.75793371277574,-103.73461627324353,1000,378520
570,-139.37351100570712,-104.37853076690217,1000,379520
571,-202.04826304509663,-105.51612298322094,401,379921
572,-102.78213671415101,-106.00541580649926,1000,380921
573,-84.4296799587697,-106.11882248027091,434,381355
574,-103.00262783574905,-106.04344743244063,1000,382355
575,-92.90712349478088,-106.31098380020971,1000,383355
576,-86.93667589555426,-106.5644316397559,1000,384355
577,-39.266736533545746,-106.25110247910281,1000,385355
578,-69.01137849211419,-105.46356074653964,1000,386355
579,-130.3875468172757,-106.07350281195365,1000,387355
580,-95.12256323630459,-106.11389882664729,200,387555
581,-66.00058425555515,-105.70641359388604,1000,388555
582,-102.33122196658421,-106.00173509127531,1000,389555
583,-76.3647628517158,-105.80270475986055,1000,390555
584,-86.23439549336426,-108.16711008846059,1000,391555
585,-106.80537632577858,-108.10569769809047,1000,392555
586,-94.94027890465209,-107.97612545194178,1000,393555
587,-73.02059274459961,-108.0989594133329,1000,394555
588,-124.49470522640522,-108.4504097610385,1000,395555
589,-154.27324340120953,-108.74976014699422,297,395852
590,-75.16122595078237,-108.87506789059417,251,396103
591,2.0545191504275238,-107.92313628979824,134,396237
592,-83.09722336644846,-108.0441514552037,1000,397237
593,-27.004258703252564,-106.95488109934013,1000,398237
594,-39.587002185972764,-106.10630473935134,1000,399237
595,-513.4857736539371,-110.50059199847252,92,399329
596,-111.18269105263609,-111.39567518608634,1000,400329
597,-268.57398673196207,-113.64741494161171,777,401106
598,-79.08682509323688,-113.76727645285702,1000,402106
599,-117.7407688678735,-114.6610374289549,1000,403106
600,-84.73847660671048,-115.1588562777905,1000,404106
601,-158.59485035694595,-115.77902094647004,1000,405106
602,-177.53552378497022,-116.82573702500648,1000,406106
603,-140.55590155056422,-117.32728734233122,1000,407106
604,-141.4660424384822,-118.39372999380767,1000,408106
605,-169.975408322475,-119.17758216018505,1000,409106
606,-168.4337574177758,-120.30092622516659,1000,410106
607,-126.22697032089438,-120.71255494601397,1000,411106
608,-167.75338315262206,-121.73783996228376,1000,412106
609,-95.2795181253609,-122.20766273160903,1000,413106
610,-125.50173809720182,-122.98770689875319,412,413518
611,-148.85158314187498,-123.5009340737023,1000,414518
612,-126.12779556988838,-124.02085712101918,1000,415518
613,-150.43455990099176,-124.20981043013975,1000,416518
614,-124.21143321133991,-124.60615106515462,1000,417518
615,-93.10942765825946,-124.18769880043037,1000,418518
616,-121.14111048200252,-123.99094348436037,1000,419518
617,-14.654559630857477,-122.76139100824639,146,419664
618,-77.5985949265248,-122.62901929620188,1000,420664
619,-131.11476450031066,-122.10015193212999,1000,421664
620,-140.2495666280204,-122.26616903980548,263,421927
621,-134.8900230855353,-122.3035260672912,1000,422927
622,-139.15951223603457,-121.68716424801319,1000,423927
623,-113.94227282971525,-121.60984884728968,1000,424927
624,-96.15205899576065,-121.6403990092024,1000,425927
625,-270.4732717454692,-123.2725087602595,989,426916
626,-146.06124023220636,-123.64437418165886,1000,427916
627,-125.93750983571297,-123.40605360048508,1000,428916
628,-246.7190774946355,-124.45074439210802,994,429910
629,-29.729522118505546,-122.8334499955133,1000,430910
630,-142.7288377817076,-122.69794597016103,138,431048
631,-169.8470903820014,-122.66365639509526,1000,432048
632,-215.69924165090598,-123.6683653753516,767,432815
633,-177.99941049260195,-123.52457239672995,1000,433815
634,-188.27131707250987,-124.10950826655873,1000,434815
635,-166.7886128215127,-124.23724447527415,333,435148
636,-171.47628855272444,-124.78812829049092,1000,436148
637,-98.79237753914953,-123.96414046841406,1000,437148
638,-298.96684056553784,-125.50255630765965,793,437941
639,-81.23451018387863,-125.15556154273992,186,438127
640,-74.79167748813633,-125.60627698699832,191,438318
641,-169.11829694606337,-125.89421706551953,216,438534
642,-124.83854119180161,-125.60888689373004,208,438742
643,-185.6861188106826,-126.25263444287116,1000,439742
644,-97.50251311230403,-125.809852117958,355,440097
645,-89.99016103614863,-124.79841135680346,1000,441097
646,-143.69654077371078,-125.12546035769954,1000,442097
647,-137.27751065039897,-125.37151353197888,222,442319
648,-134.23489221972864,-125.32515111393462,459,442778
649,-172.01279361680923,-126.08939903457726,1000,443778
650,-143.41374468832944,-125.86744684846697,1000,444778
651,-166.43590536660648,-126.35247604780871,1000,445778
652,-98.22624842262792,-126.14941164870179,1000,446778
653,-265.7619756665291,-127.6517781956201,915,447693
654,-169.76599720651097,-128.83440329160356,580,448273
655,-231.73192813479187,-129.83159113531875,865,449138
656,-128.2092300569936,-130.38344921975653,231,449369
657,-169.19505752926352,-130.8944173390636,1000,450369
658,-84.07602043331102,-130.73522448153307,284,450653
659,-59.7489580551983,-130.3658631021283,1000,451653
660,-250.58431679535695,-132.00668343652765,945,452598
661,-137.37496307377933,-131.7010274013861,353,452951
662,-109.8802566617539,-131.5597460944898,1000,453951
663,-117.09328738850368,-131.70878162653747,460,454411
664,-128.47510522078124,-131.93371553744475,300,454711
665,-132.97898565616345,-132.273350779503,336,455047
666,-219.86519540473788,-132.717713515399,994,456041
667,-139.11622522373096,-132.99732269181126,620,456661
668,-167.99650869936914,-133.59859511337666,393,457054
669,-157.5454331240748,-134.47647010748963,110,457164
670,-146.44006137494353,-134.547135611182,251,457415
671,-144.16654556392302,-133.96831843637025,261,457676
672,-286.2210183191137,-135.8027072524199,935,458611
673,-113.77784968275817,-136.0961889496598,1000,459611
674,-192.1071804975807,-136.98723447627808,422,460033
675,-158.6797732517724,-137.644960973848,393,460426
676,-143.51310797239523,-138.2107252946164,253,460679
677,-178.3873212816594,-139.60193114209756,529,461208
678,-129.93248775106062,-140.211142234687,318,461526
679,-194.82955523971117,-140.85556231891138,905,462431
680,-134.6527530672978,-141.2508642172213,350,462781
681,-190.97247100215128,-142.50058308468726,558,463339
682,-134.2694278535434,-142.81996514355683,306,463645
683,-116.71081499902961,-143.22342566503,353,463998
684,-192.25973360945915,-144.28367904619094,840,464838
685,-108.24568097014709,-144.29808209263462,249,465087
686,-74.45706473245826,-144.09324995091268,1000,466087
687,-92.61283987381957,-144.28917242220487,1000,467087
688,-124.2842375256483,-144.28706774519733,279,467366
689,-166.653623390759,-144.41087154509282,1000,468366
690,-93.04447233734419,-144.58970400895842,307,468673
691,-84.3675018179139,-145.45392421864184,219,468892
692,-219.45466580051573,-146.81749864298254,469,469361
693,-108.32406411769772,-147.63069669712698,305,469666
694,-104.8098775637935,-148.28292545090522,1000,470666
695,-66.52524359519253,-143.81332015031776,1000,471666
696,-75.976849668041,-143.4612617364718,1000,472666
697,-127.26158391098716,-142.04813770826206,1000,473666
698,-232.8081775693505,-143.58535123302318,730,474396
699,-75.6360195062465,-143.1643037394069,1000,475396
700,-112.18355222634545,-143.43875449560323,1000,476396
701,-77.21182461135406,-142.62492423814732,381,476777
702,-82.28503036112255,-141.67241930390884,250,477027
703,-85.4865538870794,-141.12172582727402,290,477317
704,-100.54618068600958,-140.71252720974928,545,477862
705,-52.14574208111841,-139.5342305473357,1000,478862
706,-124.11699801042396,-139.0910629532622,220,479082
707,-74.72218563465204,-138.57601510639975,1000,480082
708,-136.95524555628765,-138.26803373043643,230,480312
709,-153.5030406806094,-138.8502689559889,1000,481312
710,-251.6115550250444,-140.11136712526735,909,482221
711,-157.42695875265343,-140.19712088137513,351,482572
712,-171.8695150585468,-140.65453807626173,1000,483572
713,-168.73898518023944,-140.83758232905421,1000,484572
714,-251.37548893864192,-142.10922288632722,845,485417
715,-101.35232033954911,-142.1916518131401,1000,486417
716,-143.42103597455466,-142.41445106806563,1000,487417
717,-245.55251236670927,-144.72343059542413,839,488256
718,-77.18998080284337,-144.7193444541873,1000,489256
719,-255.12192235617403,-145.95941603274593,674,489930
720,-207.63563648905446,-146.63327673135632,679,490609
721,-243.83972132160997,-147.72277371371706,703,491312
722,-157.46180141615892,-147.9057966055183,1000,492312
723,-133.01016337485228,-148.09647551096967,1000,493312
724,-145.26413376443872,-148.58759625865645,257,493569
725,-136.00571506777138,-147.24292069187948,344,493913
726,-124.21256552641906,-147.0244339448216,163,494076
727,-209.0725448732945,-147.8557842951974,861,494937
728,-81.85845320247458,-146.20717805227576,1000,495937
729,-208.6092140666919,-147.99597497175765,528,496465
730,-143.9863388196372,-148.00854998213697,1000,497465
731,-153.3031870292231,-147.8431109486092,305,497770
732,-131.45527905316783,-147.00067132263177,227,497997
733,-82.47152154849428,-146.04539243319073,152,498149
734,-175.43123582080767,-145.9169916206737,372,498521
735,-100.61008389760785,-145.25520633143466,1000,499521
736,-187.82766482684949,-145.4187200941759,417,499938
737,-171.87827375731038,-146.14957905635754,1000,500938
738,-137.57179071691482,-144.5356285578713,1000,501938
739,-226.1449086196695,-145.98473254222918,1000,502938
740,-129.85549852506426,-146.53537075259848,118,503056
741,-63.187910986626164,-145.4760668930041,1000,504056
742,-154.22262120649913,-145.7699076931511,1000,505056
743,-51.45811654625278,-144.42762767050678,1000,506056
744,-132.3634644330615,-144.77623718371436,1000,507056
745,-158.33013168517698,-145.45963689020465,1000,508056
746,-189.9144330997323,-145.92181581346486,1000,509056
747,-134.6551024668174,-145.89559173162903,1000,510056
748,-145.8209457092517,-146.01145226652426,1000,511056
749,-121.15596349110842,-145.50288396526727,1000,512056
750,-155.66361248869188,-145.62538264327088,1000,513056
751,-156.40224652586917,-145.5250460548635,1000,514056
752,-186.35566619135056,-146.40634023255075,1000,515056
753,-159.46943303972586,-145.3434148062827,1000,516056
754,-237.1564313713469,-146.01731914793103,801,516857
755,-102.89194485118334,-144.72891931509497,1000,517857
756,-121.63991295801257,-144.66322614410518,291,518148
757,-103.13909958065803,-144.00266656461912,183,518331
758,-125.27521005985842,-144.4146584608846,1000,519331
759,-80.50440549372807,-144.62221293526989,1000,520331
760,-149.5359621152645,-143.61172938846894,1000,521331
761,-93.4706325572617,-143.17268608330377,1000,522331
762,-89.97877298940485,-142.9736712465803,1000,523331
763,-129.54715110710518,-143.09820988376632,1000,524331
764,-51.02292294742554,-142.32368806103275,1000,525331
765,-84.15057410822317,-141.83540394555337,181,525512
766,-80.45443163325046,-140.44129630783848,1000,526512
767,-103.00302075003484,-140.08016426310152,1000,527512
768,-34.18181370458317,-138.74201731315367,1000,528512
769,-104.93933501011787,-138.21595633201406,1000,529512
770,-111.29753182327478,-137.8645310364974,1000,530512
771,-67.42887871536587,-137.09715436801181,169,530681
772,-178.7573084127008,-136.0225172689477,1000,531681
773,-126.8071989624089,-136.1528107617442,1000,532681
774,-65.82706716481036,-134.8900096284165,186,532867
775,-133.09648377530993,-134.63417673365188,563,533430
776,-178.41406053351002,-134.98318625926305,1000,534430
777,-151.88207531107804,-134.7181337995572,458,534888
778,-159.16208610673155,-135.0104297831139,1000,535888
779,-132.6035727286651,-134.38816995800343,1000,536888
780,-101.44057747200968,-134.05604820205056,232,537120
781,-181.6741078222875,-133.96306457025193,1000,538120
782,-166.49882104817542,-134.28535850219825,1000,539120
783,-160.51030391359234,-134.72335339134386,1000,540120
784,-202.41140585029498,-134.82487011375224,1000,541120
785,-205.0905875402145,-135.7933191794529,1000,542120
786,-219.2198976446357,-137.2409475085747,1000,543120
787,-236.72494374515597,-138.68206854728805,917,544037
788,-75.86175702766762,-138.19784374230824,93,544130
789,-116.08873569619976,-137.69219486536267,74,544204
790,-147.2119564960711,-138.2338697069499,82,544286
791,-232.64295819035397,-139.71662427067432,761,545047
792,-63.30659305595986,-138.15514354322875,186,545233
793,-150.93654557760686,-138.58126835782784,1000,546233
794,-143.59467033837942,-138.9691162855737,1000,547233
795,-96.32722479956516,-139.26713609761745,162,547395
796,-139.24706997040394,-139.89983830064108,1000,548395
797,-128.7623332461047,-139.91484579399227,1000,549395
798,-147.18349382973398,-139.0585989565961,1000,550395
799,-117.09771090513605,-139.473215870585,806,551201
800,114.68480081067298,-137.2045323402148,941,552142
801,-105.62143297539787,-137.48862842385523,533,552675
802,-86.11350894145987,-137.5269132096586,399,553074
803,-68.2118531370162,-137.35416620215798,213,553287
804,104.7221052835376,-135.30148334246252,765,554052
805,-86.14764421050114,-135.64150236375633,429,554481
806,-50.134670609674956,-134.90167908974885,1000,555481
807,-205.4795599686738,-136.20925283308907,599,556080
808,-0.02693345854609408,-134.83996971211164,1000,557080
809,138.202959920873,-131.92290970609682,996,558076
810,77.97408898909619,-128.6270532659554,1000,559076
811,-54.100009892069465,-127.5937837773496,1000,560076
812,-80.71925152895327,-126.68228114205365,1000,561076
813,-68.49018447121793,-125.67979313496343,345,561421
814,-150.71039661656363,-124.67314221174263,640,562061
815,-463.3857536681562,-128.2934765450287,840,562901
816,-55.925275297908954,-127.41851893826224,1000,563901
817,-110.18331810062901,-126.06482699560144,255,564156
818,-120.27014013476352,-126.49562858892064,1000,565156
819,-217.3402482896714,-126.11781184825563,941,566097
820,82.730885228652,-123.21414663107856,929,567026
821,-93.75030867928062,-121.71325250465526,1000,568026
822,-137.5619509691606,-121.51425400018526,753,568779
823,-78.29677874124467,-120.96712015384921,1000,569779
824,-112.04458526708345,-120.63492466887564,1000,570779
825,59.17047581277438,-118.6831627600702,1000,571779
826,-97.92488541404303,-118.42028595894644,1000,572779
827,-132.17052794813418,-117.65126578969483,568,573347
828,-149.6315831487076,-118.32899708915717,1000,574347
829,-136.82529833765582,-117.6111579318668,1000,575347
830,-190.95635256823977,-118.08085806935283,705,576052
831,-160.44668582946264,-118.15229305735522,630,576682
832,-156.93934845067093,-118.40713375133026,1000,577682
833,-155.41027010152746,-119.13652123686059,1000,578682
834,-80.1257190493623,-118.1834660691461,1000,579682
835,-51.65192300902403,-117.69388446026026,112,579794
836,-108.03722555469928,-116.89598006753879,1000,580794
837,-137.07854196437475,-116.54798274960942,1000,581794
838,-80.73979108068144,-115.97966275324708,147,581941
839,-88.41070400471793,-114.60232070709758,122,582063
840,-21.235335240554296,-113.51611907425247,1000,583063
841,-87.98337373614494,-113.76407370174766,1000,584063
842,-95.67760865260031,-113.17862357620868,1000,585063
843,-147.3693101761107,-114.13773551250725,1000,586063
844,-122.21574992020925,-114.03625836737876,1000,587063
845,-100.14706204552084,-113.45442767098217,1000,588063
846,-51.715324052290555,-112.07243658050778,116,588179
847,-77.15640975635247,-111.49744965340311,135,588314
848,-80.91603387439206,-110.84840053505451,1000,589314
849,-203.9581231033332,-111.67642213117676,780,590094
850,-195.0714167846661,-112.0705001741365,1000,591094
851,-148.6603196242885,-111.99308090512069,1000,592094
852,-60.75817498310978,-110.7371059930383,1000,593094
853,-56.333980710978054,-109.70575146975081,174,593268
854,-197.189002712131,-109.30607718315866,1000,594268
855,-123.48162088999838,-109.51197394354683,1000,595268
856,-154.45431945985538,-109.84011800856526,1000,596268
857,-91.78776316855445,-109.72660464444421,135,596403
858,-142.47582989902793,-109.8986108428359,1000,597403
859,-151.54879620047367,-110.60905474990334,1000,598403
860,-168.51879542375966,-110.79888308298828,1000,599403
861,-183.7864044211717,-111.70204080162738,712,600115
862,-123.95992198423582,-112.0418522915757,1000,601115
863,-126.70530675476542,-112.0134338480523,92,601207
864,-130.22966675229435,-112.805501286101,340,601547
865,-181.15932744130563,-113.77558881943185,699,602246
866,-71.71326578034504,-113.68817716090278,1000,603246
867,-131.6686571409507,-113.97483352481193,1000,604246
868,-41.453754532676484,-114.04755293309285,1000,605246
869,-96.73142295044617,-113.96547381249614,196,605442
870,-130.23387759826235,-114.15483727024602,1000,606442
871,-83.15886803687172,-114.31213716346106,1000,607442
872,-86.33800270107598,-113.38794410634482,1000,608442
873,-68.85974282954615,-112.8084695450162,1000,609442
874,-112.34370945259697,-113.27363596789404,195,609637
875,160.09146043407185,-110.34175652580024,411,610048
876,-223.35447086614846,-110.79116062912664,900,610948
877,-107.63113873147545,-110.3486512633306,1000,611948
878,-185.51568406945705,-110.61218724295786,810,612758
879,62.23354208611764,-108.66381609481003,996,613754
880,-115.9683294930187,-108.80909361502012,180,613934
881,-132.82238663339254,-108.32057640313114,1000,614934
882,-153.38417024254795,-108.1894298950749,1000,615934
883,-28.10630443600209,-106.86538990029898,1000,616934
884,-126.36463780261478,-106.10492221982217,584,617518
885,-95.26076149815405,-105.00662395940157,1000,618518
886,-76.80897640766617,-103.5825147470319,229,618747
887,-108.31388797191993,-102.29840418929953,1000,619747
888,-93.66709908413873,-102.47645760986423,1000,620747
889,-131.82516114782027,-102.63382186438047,1000,621747
890,-237.53132886373626,-103.53701558805712,485,622232
891,-162.9700923639874,-102.84028692979345,1000,623232
892,-177.30307286065565,-103.98025172784041,1000,624232
893,-151.59822136240416,-103.98686848568838,1000,625232
894,-175.59577182850316,-104.3068795005896,1000,626232
895,-188.69604668551554,-105.23056771944911,1000,627232
896,-126.76482189188434,-105.10574523866391,1000,628232
897,-151.91340248025782,-105.33725593100544,1000,629232
898,-115.80078363378304,-105.02342882904595,1000,630232
899,-182.20887857681748,-105.67454050576275,420,630652
900,-125.76161989393688,-108.07900471280885,1000,631652
901,-117.80973960526241,-108.2008877791075,1000,632652
902,20.062425931188514,-107.13912843038102,203,632855
903,-103.77291510135242,-107.49473905002438,1000,633855
904,-260.45407284848136,-111.14650083134455,897,634752
905,-110.23856144857714,-111.38741000372531,170,634922
906,-90.66950197818788,-111.79275831741045,130,635052
907,-169.56388992610886,-111.4336016169848,1000,636052
908,-142.30674308551144,-112.85639971325445,1000,637052
909,-131.7081880242497,-115.55551119270567,169,637221
910,-138.20219377918625,-117.71727402038852,166,637387
911,-176.45980355920358,-118.94087195705987,225,637612
912,-118.48254827355646,-119.31850492450589,1000,638612
913,-117.7622693103807,-119.81122577289753,193,638805
914,-165.19903131453782,-119.95611211987728,1000,639805
915,-82.26178279954765,-116.14487241119116,1000,640805
916,-120.75016410355943,-116.79312129924769,1000,641805
917,-153.55289773120526,-117.22681709555346,1000,642805
918,-114.63902158111368,-117.17050591001694,1000,643805
919,-188.97391015343283,-116.88684252865454,686,644491
920,-128.15514084105965,-118.99570278935167,1000,645491
921,-142.0552500436445,-119.4787522029953,444,645935
922,-78.23685400741536,-118.88550123337784,342,646277
923,-143.86566403952648,-119.54119008636064,1000,647277
924,-153.87113173582745,-119.95945555104808,1000,648277
925,-75.66801877037297,-121.30784049687956,1000,649277
926,-87.0352462535246,-121.19894410527439,1000,650277
927,-100.89731475992555,-120.8862119733923,184,650461
928,-158.14693906837,-120.97136553258895,392,650853
929,-193.00727290880317,-121.53318527830041,1000,651853
930,-112.09920530295571,-120.74461380564757,342,652195
931,-114.95381113669225,-120.28968505871985,902,653097
932,-385.2578916874455,-122.57287049108761,191,653288
933,-163.91183602214696,-122.65788615029382,1000,654288
934,-165.21050118628628,-123.50873397166306,443,654731
935,-200.39720042773334,-124.99618674585015,724,655455
936,-205.184184431012,-125.96765633461328,198,655653
937,-311.7798563963768,-127.71466947893329,979,656632
938,-136.44531606276598,-128.27172472875415,1000,657632
939,-76.71267237837102,-128.15474441249066,1000,658632
940,-83.2947955791997,-128.77533901587714,1000,659632
941,-164.27127249316445,-129.5382180034473,1000,660632
942,-153.29310429946764,-130.114372959916,1000,661632
943,-139.47340980529026,-130.0354139562078,1000,662632
944,-189.52778975672481,-130.70853435457292,645,663277
945,-97.61876639587115,-130.68325139807644,1000,664277
946,-119.89044159393322,-131.36500257349286,1000,665277
947,-254.68361442810286,-133.14027462021036,622,665899
948,-72.48686538025487,-133.055982935269,1000,666899
949,-122.42019844430246,-132.2406036886787,1000,667899
950,-78.42731454835018,-131.07416266631552,186,668085
951,-184.98201120006314,-131.43737958207328,870,668955
952,-151.3717403650678,-132.34351523589285,1000,669955
953,-57.56585716575096,-132.35583400044058,1000,670955
954,-71.30621589324451,-131.09700613225172,1000,671955
955,-92.14362382673745,-130.7836261616191,1000,672955
956,98.83964680628362,-128.25068649895772,848,673803
957,-92.80015451683529,-128.26081041244052,266,674069
958,-144.7635240490252,-128.2836873539405,376,674445
959,-128.2726425313159,-128.05092581724892,255,674700
960,-45.15414395872435,-126.81727930259856,1000,675700
961,74.3666338550425,-124.23574891983642,726,676426
962,-49.41958049612917,-123.49034550495534,433,676859
963,-152.6206322646169,-123.74949876005388,1000,677859
964,-211.88073560816477,-124.56600944861259,827,678686
965,-82.37969892404823,-123.57821316344003,221,678907
966,-95.27896738485443,-123.81387017948514,1000,679907
967,122.02681003312912,-121.27691550774432,876,680783
968,-109.89097768183852,-121.96128773923593,1000,681783
969,-146.67422872419309,-122.46071579697337,1000,682783
970,-98.11396208537981,-122.13951664184455,168,682951
971,-60.78203746765336,-121.91574833615238,1000,683951
972,-67.50726252916589,-121.72744093443328,1000,684951
973,-124.65846409089423,-122.28542814704679,1000,685951
974,-97.62259572426971,-122.13821700976351,446,686397
975,-95.8899778078785,-124.698031392183,183,686580
976,-138.79850904254062,-123.85247177394695,889,687469
977,-62.5519463582327,-123.40167985021449,213,687682
978,-115.30106157551222,-122.69953362527504,1000,688682
979,-112.95369866630458,-124.45140603279928,1000,689682
980,-536.541507539088,-128.65713781325996,81,689763
981,-110.81318702127966,-128.43704581713885,161,689924
982,-85.84237390287699,-127.76162785374213,350,690274
983,-3.4734697747653405,-127.51529950712975,1000,691274
984,-95.51559382883465,-127.20680906739197,1000,692274
985,-173.37732914331238,-127.98797474384354,1000,693274
986,-123.07294482588442,-128.45061442802572,1000,694274
987,-90.6326903288135,-128.27380245159466,1000,695274
988,-37.99521295963436,-127.71708359034962,1000,696274
989,-50.25614657036505,-126.90139344457509,1000,697274
990,-81.35124668470797,-125.33959262278478,1000,698274
991,-133.86490458371054,-125.04854074498202,665,698939
992,266.0969909188543,-120.61454010718691,470,699409
993,-31.894451283440716,-119.41750240639728,1000,700409
994,-73.47457303654548,-118.39629041847769,1000,701409
995,190.4200875489145,-114.60512907613338,767,702176
996,-95.78871765007891,-114.29536803371533,433,702609
997,-135.15362059088224,-114.12777021482158,461,703070
998,-200.0627978688796,-114.97039035717253,963,704033
999,-78.26054695445697,-113.93090704094894,1000,705033
1000,-88.05925052739148,-113.55388334728349,1000,706033
1001,-95.84241504244237,-113.33421010165529,1000,707033
1002,-137.1607533342153,-114.90644189430934,1000,708033
1003,-128.85663727504746,-115.15727911604627,1000,709033
1004,-94.33627307305709,-113.49610111829205,233,709266
1005,-140.56436052950514,-113.79935910910132,572,709838
1006,-227.42964325504389,-115.16696052186988,744,710582
1007,-107.55263703370713,-114.54684799294584,1000,711582
1008,-262.5375146009644,-115.74915570810037,1000,712582
1009,-157.09830190292192,-116.0030568468871,1000,713582
1010,-169.54716155864736,-116.31650652468171,1000,714582
1011,-131.38121647466522,-115.86572065383635,1000,715582
1012,-94.24342272423142,-115.62332939834309,1000,716582
1013,-135.51263899161052,-115.8008330951554,1000,717582
1014,-133.02211291218924,-115.4790639111319,452,718034
1015,-117.31817619052062,-115.82962784504166,1000,719034
1016,-117.20922421420264,-115.79421844614807,829,719863
1017,-105.5520396753464,-115.31420986558948,1000,720863
1018,-139.69549414974063,-115.56477459127575,404,721267
1019,-159.6690999548807,-115.27172648929023,1000,722267
1020,-81.07103268356775,-114.8008854077153,140,722407
1021,-100.34379004683154,-114.38377080774717,1000,723407
1022,-182.57923565038533,-115.42719462417688,1000,724407
1023,-39.04055480826882,-114.3789435318643,1000,725407
1024,-84.94755973994141,-113.68970781190545,568,725975
1025,-41.1627022368879,-113.3446546465706,1000,726975
1026,-90.21504240997594,-113.3764526081351,241,727216
1027,-152.41247782412907,-113.89160423877715,1000,728216
1028,-90.90284082863081,-113.21916325637974,1000,729216
1029,-146.8244900687786,-112.75733542797951,655,729871
1030,-110.06276629878276,-112.73697103793776,1000,730871
1031,0.8017897911815766,-111.57941502865903,153,731024
1032,-142.74088974380786,-109.15424500922265,1000,732024
1033,-63.82957443621396,-108.15342239336331,1000,733024
1034,-143.74190551730004,-107.93873643667342,1000,734024
1035,-152.1035761741613,-107.4558001941377,605,734629
1036,-103.14431970443945,-106.435401546872,155,734784
1037,-146.36761566274456,-104.78127913953567,1000,735784
1038,-43.579950372018544,-103.85262548262821,1000,736784
1039,-338.13976331079687,-106.46689639195249,346,737130
1040,-148.08581537886306,-107.11480658994913,1000,738130
1041,-121.15207891964994,-106.68361465421398,264,738394
1042,-126.01434802105997,-106.41082709142991,1000,739394
1043,-95.87614341263323,-105.97485442750332,1000,740394
1044,-209.37642083944922,-106.1733407383306,532,740926
1045,-11.913870268868095,-105.31629177706056,1000,741926
1046,-173.16006995108802,-105.84898806063207,1000,742926
1047,-121.64262804412807,-104.51857819679233,153,743079
1048,-287.415576500588,-106.66786530799565,258,743337
1049,-61.62373995923309,-106.05990072314496,1000,744337
1050,-107.53935768583166,-106.35102115451977,1000,745337
1051,-121.21592515053545,-105.7133602940245,1000,746337
1052,-42.45777127026615,-104.6242206030765,1000,747337
1053,-102.86226146900093,-105.07718464610902,1000,748337
1054,8.638987956686108,-104.27773260760969,266,748603
1055,-151.03616098699496,-104.86665797921225,1000,749603
1056,-91.34664570871558,-106.76852090436225,1000,750603
1057,-169.51302031857637,-107.53564956237965,932,751535
1058,-99.50965813082027,-107.0831109031976,1000,752535
1059,-149.99696219109953,-107.30035409979546,1000,753535
1060,-67.81716499037476,-107.52698431011194,1000,754535
1061,-82.36685318415397,-109.0943191805039,302,754837
1062,-46.42568134430165,-109.06438018898561,1000,755837
1063,-56.95240106083007,-108.10769787694775,1000,756837
1064,-110.69104684584588,-107.09580098932457,874,757711
1065,-88.04419596117606,-107.15244595969585,198,757909
1066,-64.80876134335219,-106.84774389928084,1000,758909
1067,-53.97701724555972,-108.60778217206773,1000,759909
1068,86.92053890002214,-106.63966700624913,855,760764
1069,110.54840603754332,-104.06744065863177,958,761722
1070,-236.35246680453855,-105.44982570582334,547,762269
1071,-136.67639399085297,-106.20876927105536,462,762731
1072,-72.11154952238982,-106.25481214098758,670,763401
1073,-148.03391170963476,-106.488566617175,626,764027
1074,-62.0029208705904,-106.1323698686382,1000,765027
1075,-38.80104287412584,-105.56148051930067,1000,766027
1076,-74.60622980097821,-104.91955772688505,267,766294
1077,-85.38318735247323,-105.14787013682746,595,766889
1078,-181.9187135318876,-105.81404665639121,769,767658
1079,-52.29282391162805,-105.20743790884444,1000,768658
1080,-52.24566480271997,-100.36447948148077,1000,769658
1081,-142.05617880158763,-100.67690939928383,840,770498
1082,-80.35830346972003,-100.62206869495226,407,770905
1083,-55.704562421986935,-101.14437962142446,1000,771905
1084,-172.59892601870084,-101.91521294332316,1000,772905
1085,-194.76695053333964,-102.12910915722341,635,773540
1086,-87.5452434418916,-101.77383214338347,1000,774540
1087,-61.381721885672334,-101.48132245895209,1000,775540
1088,-69.59068320509981,-101.79727716140674,1000,776540
1089,-93.19380766237575,-102.22665377232687,1000,777540
1090,84.47984566077399,-100.56834284887204,627,778167
1091,-91.80977620151266,-100.14779156505007,1000,779167
1092,-54.8785845955462,-103.35754732019406,1000,780167
1093,-90.22465023300539,-103.94084930968971,1000,781167
1094,-496.9790360264082,-108.17589393958833,931,782098
1095,-162.672636009488,-111.70682117517234,747,782845
1096,-150.08700213021075,-112.24980401997367,182,783027
1097,-38.770772711413144,-111.28597554117897,211,783238
1098,-35.73793522374189,-109.6427269147276,1000,784238
1099,-120.29577749603902,-110.06307922014345,577,784815
1100,-100.74389460453796,-110.18992566091491,1000,785815
1101,-113.24132858286097,-110.36391479631908,1000,786815
1102,-63.97766533843968,-109.63208391636134,1000,787815
1103,-117.66481592398672,-109.52016570285072,1000,788815
1104,199.97520142070334,-106.57705095791309,430,789245
1105,-62.173509177519804,-105.79314244439324,505,789750
1106,-180.88354153688607,-105.32768142721166,915,790665
1107,-41.43395473137604,-104.66649460418836,1000,791665
1108,-160.59981049190466,-103.64711756309777,1000,792665
1109,-209.4230552433462,-104.170365096502,225,792890
1110,-158.9877633269428,-104.06477111418495,1000,793890
1111,-72.67380789615822,-103.47769702839989,330,794220
1112,-82.25922748039878,-103.35785507596158,165,794385
1113,-10.039609867727231,-102.10312478472271,1000,795385
1114,-103.3130472496106,-101.80603412809694,411,795796
1115,-133.01014413832584,-101.96295380757499,577,796373
1116,-55.87921677549596,-101.34965373318794,184,796557
1117,-41.11509855283715,-100.70528432196282,402,796959
1118,-116.91957433796028,-100.47752512384504,337,797296
1119,-7.585320653241378,-98.95668733082863,1000,798296
1120,-161.10819769384898,-99.75705898093145,657,798953
1121,-57.31065087138531,-99.32672758917697,1000,799953
1122,-39.493101887967065,-97.8958662515528,207,800160
1123,-33.997270179672654,-97.84543340526683,1000,801160
1124,-85.80366823862086,-97.85399449025363,1000,802160
1125,-70.82338170254754,-98.15060128491022,1000,803160
1126,-31.820253114684323,-97.56665339195732,1000,804160
1127,-174.5345105493832,-97.78787371920986,1000,805160
1128,-442.66998771587123,-101.30554518808225,244,805404
1129,-176.94912828962825,-101.60679157029077,1000,806404
1130,-156.26951295981124,-102.06885903690103,1000,807404
1131,-48.69465113223047,-102.56382344613517,1000,808404
1132,-210.4758264229063,-103.24117281292614,1000,809404
1133,-101.70859063861103,-103.61996297495013,935,810339
1134,-287.6208168511864,-105.05875208828897,668,811007
1135,-276.72280923113703,-106.30494441885875,688,811695
1136,-96.83103317264886,-106.24181155354083,505,812200
1137,-561.8081851363474,-110.39621724827686,648,812848
1138,-117.39659595781819,-111.13438370413489,1000,813848
1139,-109.98579672917627,-108.85284403831865,1000,814848
1140,-570.3211644481455,-113.07519752901146,253,815101
1141,-191.65817065589357,-113.7802584463739,1000,816101
1142,-135.72032853312845,-113.8773182514946,221,816322
1143,-120.23786318522019,-114.12093544922048,1000,817322
1144,-124.78985001927747,-113.27506974101874,1000,818322
1145,-86.43524817619445,-114.02028352009202,1000,819322
1146,-204.7365532648684,-114.33604835322981,1000,820322
1147,-155.22087005118243,-114.67183077330037,1000,821322
1148,-335.8998312035719,-115.15667332033019,981,822303
1149,-152.9042014737256,-116.06947793547513,1000,823303
1150,-198.16841585905416,-116.97576851720734,1000,824303
1151,-129.1716478136287,-117.05532574383831,1000,825303
1152,-188.83746557749325,-118.51912268691058,1000,826303
1153,-92.11618357209555,-118.41166190794151,197,826500
1154,-226.61241821754012,-120.76417596968378,1000,827500
1155,-144.724365989844,-120.70105801971224,423,827923
1156,-210.0855376705042,-121.88844693933014,720,828643
1157,-87.67030517491108,-121.07001978789347,1000,829643
1158,-227.18937301853032,-122.34681693677058,512,830155
1159,-269.3323572560736,-123.54017088742032,972,831127
1160,-242.09956316432374,-125.28299486915981,1000,832127
1161,-164.29133817395325,-126.10223971905779,209,832336
1162,-300.1082753461106,-128.63906565907587,415,832751
1163,-210.5838544429132,-130.1753801928967,302,833053
1164,-85.82973509016068,-129.92676707533988,200,833253
1165,-197.12378155940235,-131.01756293132215,712,833965
1166,-264.617266066175,-133.01564797855036,299,834264
1167,-237.1513081480462,-134.84739088757524,1000,835264
1168,-271.7273035905487,-138.43386931248094,1000,836264
1169,-340.98597457930225,-142.9492131186494,899,837163
1170,-440.55254996685306,-144.99121395027254,877,838040
1171,-342.13306776996524,-147.04578068806367,757,838797
1172,-136.4699225152905,-147.68936441799266,1000,839797
1173,-152.30025242455002,-147.7320278251418,1000,840797
1174,-258.4266990840613,-149.69626560727653,552,841349
1175,-217.82348257913858,-151.48649000432664,1000,842349
1176,-91.36229317430622,-151.6540506380599,1000,843349
1177,-211.39173322653568,-152.91413609680055,1000,844349
1178,-275.44632584671865,-153.84941221994887,791,845140
1179,-316.17339818165897,-156.48821796264917,967,846107
1180,-218.51361166191083,-158.15089743124108,769,846876
1181,-158.620297159774,-158.31653861482295,1000,847876
1182,-339.64888049198146,-160.90944438504556,539,848415
1183,-350.60774955040216,-163.8584762563297,965,849380
1184,-98.57302003940114,-163.1182171965367,1000,850380
1185,-111.19364819498112,-162.28248417315314,1000,851380
1186,-38.94961131918936,-161.7965278519261,577,851957
1187,-92.77095251487773,-162.11042015821818,351,852308
1188,-130.38962772311157,-162.7184096033983,1000,853308
1189,-62.38193423274501,-162.41029086910197,1000,854308
1190,-790.743890316461,-171.16252822887432,720,855028
1191,-92.07346695026546,-171.16516513636188,1000,856028
1192,-129.2444554827218,-171.90882384523363,575,856603
1193,-111.41287642118823,-172.12070610711547,455,857058
1194,-284.52657509696405,-169.99618149782103,587,857645
1195,-260.25450388687887,-170.97200017659492,793,858438
1196,-86.36684786868723,-170.3347986339797,121,858559
1197,-73.21290074315858,-170.67921991429714,162,858721
1198,-98.89279134784057,-171.3107684755381,450,859171
1199,-98.17107846873576,-171.08952148526507,709,859880
1200,-251.28382921311066,-172.5949208313508,828,860708
1201,-183.0279948281832,-173.29278749380398,154,860862
1202,-97.97894274023405,-173.63280026782195,1000,861862
1203,-97.14048941912125,-173.4275570027733,788,862650
1204,-97.21000137705047,-176.39940903075086,1000,863650
1205,-34.787266644964404,-176.12554660542534,1000,864650
1206,-177.94842879499112,-176.09619547800636,304,864954
1207,-38.056917071435436,-176.06242510140703,288,865242
1208,-262.61840950657404,-177.08261109155367,926,866168
1209,-110.82315490266211,-176.0966120881468,1000,867168
1210,-29.168774275157162,-174.79842219762892,1000,868168
1211,-42.884104398604634,-174.50052516265336,210,868378
1212,-133.79757665469577,-175.01590865439633,684,869062
1213,-130.7486477510924,-176.22299903323,1000,870062
1214,-231.91420876348474,-177.5090106483688,566,870628
1215,-120.9247480087331,-177.38815668707286,299,870927
1216,-163.31322922884792,-178.4624968116064,1000,871927
1217,-168.70713523045185,-179.73841717838252,1000,872927
1218,-212.85019395024952,-180.69772337450541,460,873387
1219,-67.77658393046919,-181.29963600727768,1000,874387
1220,-175.96381523983018,-181.4481921827375,1000,875387
1221,249.35659066014378,-178.38151976742222,444,875831
1222,-156.40373737194162,-179.55062612226192,1000,876831
1223,-152.98842620345658,-180.7405376824998,1000,877831
1224,-80.53187689691913,-180.68781976908278,1000,878831
1225,-95.52543791976237,-180.9348403312549,223,879054
1226,-134.1180589548132,-181.9578183896562,592,879646
1227,-82.86427917596092,-181.04111607592196,388,880034
1228,-330.58776012110565,-179.9202937999743,1000,881034
1229,-288.30773451299564,-181.033879862208,1000,882034
1230,-362.88833504521733,-183.10006808306204,974,883008
1231,-246.06814633249675,-185.07380303506474,1000,884008
1232,-208.10605454034553,-185.05010531623913,353,884361
1233,-335.69876412519915,-187.390007051105,1000,885361
1234,-284.704782958054,-187.3608467121737,259,885620
1235,-317.34270898596003,-187.76704570972194,462,886082
1236,-286.09778260695794,-189.65971320406504,636,886718
1237,-194.13321896032215,-185.9829635423048,163,886881
1238,-338.1791161658396,-188.19078874438503,754,887635
1239,-312.0469811821655,-190.21140058891484,1000,888635
1240,-201.88583465046713,-186.5270472909381,1000,889635
1241,-274.256710452482,-187.35303268890394,1000,890635
1242,-211.61673745393864,-188.1119967781121,1000,891635
1243,-336.58640756856704,-190.27548222194557,1000,892635
1244,-251.78349018042425,-191.54541862355703,1000,893635
1245,-368.0508954325309,-194.36157509612036,932,894567
1246,-74.49383338840968,-193.05914789735576,67,894634
1247,-107.94250466998274,-192.58636424354378,78,894712
1248,-293.31673665561453,-192.16053329806422,708,895420
1249,-79.46763299787318,-191.42616761330567,98,895518
1250,-36.35073558147454,-189.80799081052993,100,895618
1251,-8.373952438790411,-188.60001385678152,83,895701
1252,-159.64814711915056,-188.3081206721981,63,895764
1253,-123.92339685727293,-188.62619280504987,57,895821
1254,-152.812212645815,-187.8881907493326,60,895881
1255,-287.15238958033245,-189.3124709852375,735,896616
1256,-2.1145255921560135,-187.23276086445404,107,896723
1257,-258.47394533942906,-188.94079726609917,1000,897723
1258,-316.000535908851,-189.8289088950024,949,898672
1259,-203.497328472163,-189.17055860716326,964,899636
1260,-219.47528490269124,-188.94431582454698,1000,900636
1261,-194.63855875070857,-189.24778803031452,997,901633
1262,-204.96574902000125,-188.29636276705347,1000,902633
1263,-238.43288580062324,-188.57485308063053,1000,903633
1264,-251.62892650800472,-190.23284499480897,1000,904633
1265,-224.53959544241332,-190.50700313363905,604,905237
1266,-180.22196675038273,-189.66305014048115,1000,906237
1267,-279.60065746425585,-190.0875436336432,874,907111
1268,-198.52280386617844,-189.35549863639955,1000,908111
1269,-376.5777518442138,-189.71141640904864,890,909001
1270,-199.15762563836083,-187.29746716576375,1000,910001
1271,-226.1080938391998,-186.13721742645603,664,910665
1272,-195.01984801481603,-186.72271668145137,760,911425
1273,-96.86548522053612,-186.16836900941118,1000,912425
1274,-164.14127705816006,-185.2255147891522,1000,913425
1275,-97.0233153064555,-184.01751311642533,195,913620
1276,-145.710848172864,-184.5609986664109,1000,914620
1277,-519.1970213139862,-187.63905154728542,140,914760
1278,-106.68885370716232,-185.95147682588987,131,914891
1279,-184.297681579221,-184.6327196598655,1000,915891
1280,-174.2802346441395,-184.19038588968775,1000,916891
1281,-114.71216890614494,-183.75130460715147,235,917126
1282,-57.66498496784317,-180.93146565191012,182,917308
1283,-98.26095819745082,-178.40799773838057,1000,918308
1284,-185.22134450465018,-179.2744809830331,753,919061
1285,-154.79270223206782,-179.71047152340395,1000,920061
1286,-137.29921351775727,-180.6939675453896,1000,921061
1287,-195.8849311190298,-181.72510733143113,1000,922061
1288,-103.39556210095581,-181.4551666752096,86,922147
1289,-103.19409399890583,-181.86328827287122,476,922623
1290,-126.5314367389676,-175.22116373709628,647,923270
1291,-153.06222071539543,-175.83105127474755,1000,924270
1292,-34.79967162644837,-174.88660343618483,228,924498
1293,-150.15668707089736,-175.2740415426819,1000,925498
1294,-60.8010759025632,-173.0367865507379,1000,926498
1295,-149.45173886103294,-171.92875890047944,1000,927498
1296,-61.38549947244351,-171.67894541651697,157,927655
1297,-86.40985762462185,-171.8109149853316,1000,928655
1298,-117.18190194546938,-171.99380609130793,217,928872
1299,-55.73270766011031,-171.56942238322168,127,928999
1300,-42.40377304145311,-169.48062182150508,160,929159
1301,-45.952219990117115,-168.10986407312447,1000,930159
1302,-189.38940079972,-169.02396865371932,1000,931159
1303,-85.16487337508183,-168.9042124932789,129,931288
1304,-49.709738013988996,-168.42920985964827,210,931498
1305,-85.93809096241098,-168.94071810282276,1000,932498
1306,-135.73294900813283,-168.5185633049542,181,932679
1307,-163.51781894928578,-169.7731723237327,448,933127
1308,-80.11219329660959,-167.94811016163302,1000,934127
1309,-209.75734189532773,-168.9374520315597,1000,935127
1310,-174.7355682683985,-170.39311997149213,1000,936127
1311,-133.29009460817818,-171.29717987358785,1000,937127
1312,-156.43134117712844,-171.52351751881218,1000,938127
1313,-70.39689184004858,-170.91999995970178,99,938226
1314,-169.18249662574053,-170.29268283832434,1000,939226
1315,-38.12036831125698,-169.46463904134956,1000,940226
1316,-92.49006912979003,-168.75640744035897,1000,941226
1317,-134.2164994644403,-168.4115010826989,1000,942226
1318,-170.31276175273095,-167.98612676072366,1000,943226
1319,-49.16472962737738,-167.80000821769275,1000,944226
1320,-153.33960035729845,-167.5737660688674,1000,945226
1321,-10.23018614148775,-170.16963383688372,160,945386
1322,-219.05283699897245,-170.79612483315404,949,946335
1323,-143.95850780025887,-170.7058256491221,108,946443
1324,-111.90639706053963,-171.01957085075827,1000,947443
1325,-125.36306249397762,-171.3179470965004,1000,948443
1326,-306.9208611002548,-173.0459751179548,706,949149
1327,-205.4948913701303,-174.27228123989647,801,949950
1328,-187.82127532415754,-172.84461639192702,1000,950950
1329,-176.62199713480825,-171.72775901814515,255,951205
1330,-133.60225847168968,-169.43489825240988,73,951278
1331,-79.72276572795785,-167.77144444636448,1000,952278
1332,-105.63334338576827,-166.74671733481875,1000,953278
1333,-56.90704377173331,-163.95880013128408,447,953725
1334,-198.316410808239,-163.09491640978592,1000,954725
1335,-178.20932175795994,-161.70358253750592,1000,955725
1336,-141.6222115846769,-160.2588268272831,471,956196
1337,-39.30138286786391,-158.7105084663585,80,956276
1338,-193.17057179591842,-157.2604230226593,1000,957276
1339,-195.74417016352282,-156.09739491247288,120,957396
1340,-163.071260657893,-155.70924917254715,1000,958396
1341,-150.08044704748764,-154.46748653849718,1000,959396
1342,-444.01844487181705,-156.791503612676,826,960222
1343,-52.16509562884653,-153.94729049327879,244,960466
1344,-175.93461364893818,-153.18880172796392,478,960944
1345,-201.2871580545849,-151.52116435418446,307,961251
1346,-249.8939858999491,-153.27516587929986,969,962220
1347,-346.4149178069909,-155.65989001066995,329,962549
1348,-117.2405465575426,-153.89912810968923,1000,963549
1349,-149.2822333885186,-154.5972741135957,1000,964549
1350,-203.1015511913241,-156.2647822696942,644,965193
1351,-2.3053109003007393,-156.2040958543093,117,965310
1352,-69.73007497401396,-155.3049151328579,203,965513
1353,-22.24668991122957,-154.28814806339747,1000,966513
1354,-158.41494174209805,-154.3441753543603,353,966866
1355,-166.74792206176028,-153.14013067917458,128,966994
1356,-106.84176376317338,-154.18740306088475,139,967133
1357,-140.23055235494027,-153.00496913103987,1000,968133
1358,-154.38017835474128,-151.38876555549876,101,968234
1359,-101.59424618943366,-150.36973473267147,1000,969234
1360,-84.55231547883791,-149.02050503843293,162,969396
1361,-209.0906579914428,-149.16502603084027,1000,970396
1362,-209.53899570864408,-149.21075849772672,1000,971396
1363,-197.05618851366177,-148.7969915248571,1000,972396
1364,-173.5721834894786,-148.01642409467186,1000,973396
1365,-152.5712230544734,-147.29674037079246,69,973465
1366,-255.32213311826146,-148.04774203447124,1000,974465
1367,-180.73143554825558,-147.05904981531123,1000,975465
1368,-80.12503362418614,-145.8750721128913,1000,976465
1369,-148.6856484917845,-143.59615107936702,176,976641
1370,-239.42284879858403,-143.99880331096924,1000,977641
1371,-357.5402570732535,-145.3131249433098,619,978260
1372,-226.69623470922517,-145.62988881025385,1000,979260
1373,-202.25240593075839,-146.68375801735607,590,979850
1374,-148.89976173104105,-146.53134286408488,1000,980850
1375,-68.01069491446418,-146.24121666016498,1000,981850
1376,-127.76624684799707,-146.06177064691633,1000,982850
1377,-251.54255539169841,-143.38522598769345,558,983408
1378,-223.1547581164586,-144.5498850317864,729,984137
1379,-196.83804596609636,-144.67528867565514,1000,985137
1380,-182.54669414727874,-144.75795327068653,638,985775
1381,-236.66430044542184,-145.9774745860793,1000,986775
1382,-176.10983379523006,-147.16192307435318,1000,987775
1383,-187.3736938353118,-148.0530504307318,905,988680
1384,-143.95204633194157,-147.6403574490047,1000,989680
1385,-107.38472884823993,-147.16627771516644,1000,990680
1386,-164.3824633142965,-147.43711021313183,1000,991680
1387,-124.97634825822819,-146.7280243845238,1000,992680
1388,-57.97340602459562,-146.27380282376015,1000,993680
1389,-72.66149495761121,-145.96847683334724,1000,994680
1390,-32.50388646124319,-145.02820133057,1000,995680
1391,-184.03617948885375,-145.33794091830458,855,996535
1392,-87.81776834070489,-145.86812188544715,1000,997535
1393,-99.94476015179063,-145.3660026162561,361,997896
1394,-41.583471456967466,-145.17382657180013,620,998516
1395,-140.46458371908932,-145.0839550203807,365,998881
1396,-99.11158939205296,-145.4612159195768,1000,999881
1397,-130.17367307195863,-145.89885407405015,741,1000622
1398,-151.75261939472813,-146.24456124854274,677,1001299
1399,-115.2319055519581,-146.83955322746124,1000,1002299
1400,-163.92357042078532,-148.05475120125456,656,1002955
1401,-154.70233763936307,-149.142252377747,1000,1003955
1402,-87.63528710712951,-148.1247112408211,1000,1004955
1403,-88.05114163183788,-148.15357392338868,470,1005425
1404,-29.33141946916129,-147.9497907379404,1000,1006425
1405,-124.62206794969723,-148.33663050781325,1000,1007425
1406,-117.59565752522767,-148.1552575929842,1000,1008425
1407,-123.47115370924003,-147.75479094058375,1000,1009425
1408,-89.87701646700704,-147.85243917228775,1000,1010425
1409,232.5441351414112,-143.42942440192036,245,1010670
1410,-142.23540591943404,-143.10442277843072,1000,1011670
1411,-175.58819872990722,-143.527403819648,1000,1012670
1412,-183.43630129380185,-143.79745342081472,1000,1013670
1413,-86.62636600048666,-143.9597481624191,188,1013858
1414,-178.02315114391956,-144.04815470760087,1000,1014858
1415,-133.23138648095892,-144.99926488929788,1000,1015858
1416,-120.08697896831617,-145.27523398768315,1000,1016858
1417,-126.04737248173564,-145.1935427178561,1000,1017858
1418,-94.66609235049398,-144.43707602383373,1000,1018858
1419,-181.25179891042526,-145.7579467166642,1000,1019858
1420,-147.06716782656406,-145.69522239135685,1000,1020858
1421,-166.38360346381123,-147.25675656458012,565,1021423
1422,-32.3713336778564,-145.38994153136898,186,1021609
1423,-113.9514183883225,-145.0898706372496,1000,1022609
1424,-90.83355125318222,-144.87914217917603,1000,1023609
1425,-190.17405238941552,-145.52725207813037,802,1024411
1426,-115.36642830297166,-143.61170775015756,131,1024542
1427,-111.41927397135098,-142.67095157616978,1000,1025542
1428,-105.42788675306097,-141.84701769045878,1000,1026542
1429,-97.42156184208096,-141.05501333753153,1000,1027542
1430,-105.43907979821374,-140.77338155079676,1000,1028542
1431,-28.67387271031008,-140.26289262062028,162,1028704
1432,-102.52512845124852,-140.23181047127508,1000,1029704
1433,-133.69386051043062,-140.99967863866206,1000,1030704
1434,-99.53358007440532,-140.01185033132373,1000,1031704
1435,-97.01560000996419,-139.19991311384376,429,1032133
1436,-44.58617679254413,-138.22955276592245,898,1033031
1437,178.9419613869967,-136.04711932337383,612,1033643
1438,-41.05172002017392,-134.5259308056164,229,1033872
1439,-142.44723190749576,-133.9929614230561,1000,1034872
1440,-166.9361919348377,-134.03161073582555,1000,1035872
1441,-179.2691887643022,-134.3234981529937,1000,1036872
1442,-185.7208599322315,-131.74052230359786,1000,1037872
1443,227.18334239729555,-128.94703792333644,218,1038090
1444,-87.50873561689224,-128.06277914301597,1000,1039090
1445,-40.991424952502484,-126.45982181199516,170,1039260
1446,-115.22313400974373,-125.11311329309312,231,1039491
1447,-112.03227801764436,-122.76928689519964,1000,1040491
1448,-148.02960158000798,-123.07717744542431,161,1040652
1449,-85.90598045357314,-122.44341491607486,280,1040932
1450,162.2915518226019,-118.78948388593558,632,1041564
1451,-112.52719375390305,-119.8917027144716,716,1042280
1452,194.6107043150799,-117.24829492158065,391,1042671
1453,-84.10119387681846,-117.86683996123655,272,1042943
1454,-157.41145898910372,-117.8568051337066,981,1043924
1455,-80.2947241799526,-116.99227315488852,214,1044138
1456,5.620509499830675,-115.86765042225846,298,1044436
1457,-48.03243732161608,-114.94566927192521,1000,1045436
1458,241.56758755154698,-110.98619161286237,778,1046214
1459,-443.65942876848806,-114.4068434386529,493,1046707
1460,-323.67618155166286,-116.79808209938113,319,1047026
1461,-173.52271484579714,-116.44240266792471,821,1047847
1462,115.49020992948537,-113.1921106115434,878,1048725
1463,-9.190856179017386,-111.31345728819697,1000,1049725
1464,107.34902401970773,-108.5042452131051,828,1050553
1465,-135.98659205329844,-108.33839890309336,518,1051071
1466,-33.451531723511515,-106.11969288914584,1000,1052071
1467,-122.44707282229305,-105.53684926188623,632,1052703
1468,-203.78591919883496,-106.77345811763271,632,1053335
1469,-440.2208044549628,-109.6888096772645,173,1053508
1470,-108.8853676750558,-108.38343486602922,1000,1054508
1471,-173.46906892134587,-106.54272298451015,769,1055277
1472,-118.27040273826083,-105.45846466480049,1000,1056277
1473,-190.0453911298086,-105.33639451679099,333,1056610
1474,-122.29494019719547,-105.07034630145252,491,1057101
1475,-106.02459448093504,-105.45048529711725,185,1057286
1476,-67.9507446274784,-104.85233027491205,1000,1058286
1477,-169.61838512672088,-104.0330885722623,569,1058855
1478,-110.21497915486273,-102.90369078264635,295,1059150
1479,-215.7634688385776,-103.09294501137116,686,1059836
1480,-181.8002826982783,-103.08548089688115,681,1060517
1481,-397.21993832595246,-104.69103727568643,249,1060766
1482,-140.26082749806238,-104.33254721271476,324,1061090
1483,-124.2699271998565,-103.70150954636023,663,1061753
1484,-0.42975779325433905,-102.26628666097335,147,1061900
1485,-100.4928362531075,-102.19736773502204,288,1062188
1486,-75.80489638102803,-101.31159206568937,1000,1063188
1487,-94.84322472259225,-101.01026083033297,138,1063326
1488,-114.87340963816939,-101.5792608664687,481,1063807
1489,3.084861254892838,-100.82179730434368,1000,1064807
1490,-39.47851103929992,-100.89154355012423,1000,1065807
1491,-59.121629301891026,-99.64239804825462,1000,1066807
1492,-178.60924899720965,-100.55031285481965,174,1066981
1493,-70.74866247314972,-100.25835187803324,1000,1067981
1494,-63.20549130411867,-100.47457207650477,1000,1068981
1495,-90.77520034925509,-99.97767824280642,1000,1069981
1496,-80.99471262351781,-99.79650947512107,1000,1070981
1497,-84.67904081760372,-99.34156315257752,1000,1071981
1498,-42.3292205409662,-98.24732916403993,132,1072113
1499,-281.070550365886,-99.9057156121792,125,1072238
1500,-61.6604887872466,-98.88308479584383,318,1072556
1501,-34.32586147496328,-97.6793200341998,1000,1073556
1502,-162.88471781692368,-98.43181434129775,736,1074292
1503,-148.3720175804303,-99.03502310078366,1000,1075292
1504,-111.4288261277371,-99.85599716736942,248,1075540
1505,-464.7628815631779,-103.25740530350424,417,1075957
1506,-89.04822451977543,-102.9719309734497,263,1076220
1507,187.00864836685855,-99.86713295268872,678,1076898
1508,-145.05866841667546,-100.41894947218542,308,1077206
1509,-105.75627961755147,-103.80195361977502,310,1077516
1510,-123.2978531003061,-103.61257809158374,557,1078073
1511,-113.81471923648846,-102.99484329664956,1000,1079073
1512,-88.49858478397084,-102.04546613155125,1000,1080073
1513,-87.44610076144674,-102.05366347916085,1000,1081073
1514,-72.32628965938946,-100.99669486431554,236,1081309
1515,-246.6022728259912,-102.13040372776587,450,1081759
1516,124.24459857269888,-99.68708795235571,975,1082734
1517,-94.42100796721449,-99.37082430721051,1000,1083734
1518,-107.05340866355608,-99.49469747034112,1000,1084734
1519,-43.396678525445886,-98.11614626649133,1000,1085734
1520,-161.90547314140704,-98.26452931963975,880,1086614
1521,-126.40313353178308,-97.86472462031948,1000,1087614
1522,-34.86556829888293,-97.88966696652975,1000,1088614
1523,-141.1701983006,-98.16185476565254,275,1088889
1524,-32.63902054418833,-97.5799094585626,382,1089271
1525,-224.37659116544245,-97.92193484632286,285,1089556
1526,5.2619459432406614,-96.71565110386072,431,1089987
1527,-121.23167029477499,-96.81377506709498,723,1090710
1528,240.4380527672733,-93.35511567189165,362,1091072
1529,-147.55697252287302,-93.85646977869956,495,1091567
1530,-249.910073201267,-95.30117971273008,308,1091875
1531,-175.4892082645768,-96.76933306827276,728,1092603
1532,-386.3580542152423,-99.6076623259127,401,1093004
1533,-120.17788797670379,-99.47250260057542,413,1093417
1534,-120.44825859650064,-99.68164938579638,844,1094261
1535,-122.39974924312769,-99.93549087812802,195,1094456
1536,-127.69627706396022,-100.76659188084217,338,1094794
1537,-132.34896912556997,-103.87950118596785,220,1095014
1538,-85.47698784405202,-104.32375386420662,104,1095118
1539,-114.28511824237195,-104.0421327275554,1000,1096118
1540,-400.44405208005054,-106.37721132900754,375,1096493
1541,-241.98444001164853,-107.00436384148101,277,1096770
1542,-374.8036843633205,-108.89519208579188,273,1097043
1543,-312.91412091407256,-114.29616671890554,152,1097195
1544,-165.3008528001634,-115.07408789073824,686,1097881
1545,-97.8458648347414,-115.64263228956064,276,1098157
1546,-371.2220058639078,-118.20262100810227,767,1098924
1547,-101.00919299499455,-118.09239015787578,672,1099596
1548,-122.40074862139167,-117.83610162828961,375,1099971
1549,-178.48146735273752,-118.76185649728127,517,1100488
1550,-28.162099303741435,-120.66639300854472,1000,1101488
1551,-74.90721672827632,-120.29019323828842,1000,1102488
1552,-74.3199541221203,-122.97949982266042,1000,1103488
1553,-70.55385099731947,-122.84402639386542,331,1103819
1554,-98.94214524564673,-122.25933325643088,1000,1104819
1555,-133.1794536397879,-122.78818055102921,739,1105558
1556,-132.171629693127,-124.16610194295882,1000,1106558
1557,-153.7304203554736,-125.22308177329738,354,1106912
1558,19.276534368310053,-127.44599230512976,1000,1107912
1559,-123.21906201889345,-124.24158863763381,428,1108340
1560,-320.21345832187296,-124.20696140533592,835,1109175
1561,-144.4676934543132,-123.91641119142106,143,1109318
1562,-55.153016354389294,-125.6228434542598,80,1109398
1563,-115.31221797245225,-126.68405707219415,241,1109639
1564,-285.8964351262001,-130.61651166365323,377,1110016
1565,-72.12846477893449,-129.9779303909096,1000,1111016
1566,-102.17229831329854,-130.66513805680745,1000,1112016
1567,-49.251709945315284,-129.93318442803772,1000,1113016
1568,-126.4592870126378,-129.15991810617572,592,1113608
1569,-167.88197876069398,-126.43652984923305,725,1114333
1570,-269.5682398674663,-128.04335857115714,413,1114746
1571,-61.656931983953065,-126.92523720178322,1000,1115746
1572,-502.05339448614137,-130.76306711926202,317,1116063
1573,-154.73467101007296,-130.4099599180647,732,1116795
1574,-88.66937060618878,-130.0737042221546,1000,1117795
1575,-129.27832795655527,-130.3062415569108,1000,1118795
1576,-111.5182246512629,-130.74191635714863,1000,1119795
1577,-66.00512794623997,-129.70578378534384,1000,1120795
1578,-145.22338774320363,-130.05586787122726,1000,1121795
1579,-125.04224862389519,-129.14865566908043,1000,1122795
1580,-103.7000985782972,-128.36765382788062,1000,1123795
1581,-100.09044367016429,-125.39635888132274,1000,1124795
1582,-60.96105697395781,-124.60336117608168,1000,1125795
1583,-134.44772637226984,-124.70513916780581,1000,1126795
1584,-99.01077193141323,-125.69094930918737,1000,1127795
1585,-80.42457009245373,-125.49026664758085,1000,1128795
1586,-190.28857390467445,-126.63510342281732,975,1129770
1587,-92.08689158383488,-126.60754009142973,1000,1130770
1588,-133.13197855389097,-126.79012578058695,1000,1131770
1589,-52.30008817849783,-127.34397527492085,1000,1132770
1590,-14.940491202218046,-127.09859507655004,1000,1133770
1591,-431.7256830507387,-130.82463561403853,793,1134563
1592,-559.3322804289901,-134.63186592835632,225,1134788
1593,-407.7934329022226,-138.0023136326471,918,1135706
1594,-144.3149014237644,-138.81340773384352,1000,1136706
1595,261.6973712177827,-135.28868201817312,462,1137168
1596,-119.50162282402435,-135.6737511201782,1000,1138168
1597,-253.5991169898373,-137.36295188190053,237,1138405
1598,-151.87017550469335,-138.4583614315378,465,1138870
1599,-63.621607035656375,-136.28387199823553,252,1139122
1600,-112.82321107809405,-136.795499221144,636,1139758
1601,-148.9515420371889,-137.94175602676623,1000,1140758
1602,-145.5943230885856,-137.76885207948285,1000,1141758
1603,-120.94550633636247,-137.49458696704218,1000,1142758
1604,-167.38849879096395,-138.05418369367445,1000,1143758
1605,-137.18936448495438,-134.77844852289226,1000,1144758
1606,-45.094222835068074,-134.3389085060452,1000,1145758
1607,-210.7726558407417,-138.31672154812117,85,1145843
1608,-111.11321378123628,-137.9772670017668,1000,1146843
1609,-263.74422525694257,-139.55714645816067,427,1147270
1610,-113.58143629615049,-139.45998229011911,120,1147390
1611,-40.912476582653284,-138.73095986358075,132,1147522
1612,-143.29228537641043,-139.27889686950516,1000,1148522
1613,-243.87516056181528,-140.84318746750884,843,1149365
1614,-393.26199953133494,-144.05254456622828,1000,1150365
1615,-102.22124149065054,-142.60873425287488,1000,1151365
1616,-66.47500617962109,-144.51593030039805,1000,1152365
1617,-709.9655147772743,-150.67137536849867,838,1153203
1618,-144.54897593995614,-151.04633104126268,596,1153799
1619,-63.74819077898386,-151.24984616379805,470,1154269
1620,-86.7221008701588,-150.4980124410856,180,1154449
1621,-149.78514026892037,-150.73183250845696,115,1154564
1622,-177.40033447050047,-152.15718017017315,1000,1155564
1623,13.493839779922709,-150.6105397893679,204,1155768
1624,-364.67208416524977,-153.93087042557855,346,1156114
1625,-155.35953716183172,-153.2406998855424,315,1156429
1626,-74.19646659351082,-154.03528401090992,1000,1157429
1627,-91.13105960722174,-153.7342779040344,1000,1158429
1628,-142.89537144925163,-157.56761214619965,1000,1159429
1629,-149.15618147928978,-157.5836042357638,1000,1160429
1630,-7.839393587312188,-155.16289743962426,118,1160547
1631,-12.34609340965902,-153.53146629107508,314,1160861
1632,-111.47067798775855,-150.78259252880022,1000,1161861
1633,-165.35380181782182,-151.2343516672114,208,1162069
1634,-129.06069601968684,-151.3204760414433,1000,1163069
1635,-145.62585988379655,-151.55273714785,1000,1164069
1636,-97.1114223685363,-151.24688860089574,1000,1165069
1637,-183.95873986681775,-151.76298630830823,1000,1166069
1638,-174.63659869922827,-152.65458241685997,1000,1167069
1639,-132.651983615391,-152.8382510705902,1000,1168069
1640,-657.7735600577776,-155.41154615036746,208,1168277
1641,-352.97635843318477,-156.5214653345828,371,1168648
1642,-301.8930929354395,-155.792359420304,203,1168851
1643,-151.60119985494535,-154.17923020971273,1000,1169851
1644,-8.463312778989959,-152.61085480950098,229,1170080
1645,-86.46561008487937,-152.49705226200237,1000,1171080
1646,-663.5140664856503,-155.4199728682198,204,1171284
1647,-158.0098949771303,-155.98997988804115,127,1171411
1648,-124.67879813872247,-156.01276038321447,259,1171670
1649,161.50563169292036,-152.6128893927579,500,1172170
1650,-204.85110041175943,-154.37977940383809,786,1172956
1651,-124.1257996245525,-154.87196523280082,574,1173530
1652,-151.93080285791677,-155.64807372015878,950,1174480
1653,-305.2028648376385,-157.994563858562,673,1175153
1654,-30.134857429335298,-157.30649098039888,334,1175487
1655,-85.41121202950286,-156.82880856429603,258,1175745
1656,-139.1559653803097,-156.89865192116787,423,1176168
1657,-263.94039674262217,-158.00075168503935,211,1176379
1658,-85.98658546149053,-159.05338288333735,332,1176711
1659,-34.57112498377141,-158.16690351298612,146,1176857
1660,-162.16699367651378,-156.58643886653255,709,1177566
1661,-233.00399144324376,-157.47180184642184,941,1178507
1662,-107.25714107487579,-157.9928430936267,922,1179429
1663,-23.24503134775199,-157.0721712273797,192,1179621
1664,-406.92847608327145,-158.2824916369504,176,1179797
1665,-693.2348129950603,-164.49355511911165,389,1180186
1666,-123.77918886007674,-164.70962402457943,1000,1181186
1667,-57.3808978855481,-164.7909159039818,1000,1182186
1668,-151.61643580575225,-165.04248739191294,1000,1183186
1669,-95.37613875319055,-164.31742899183791,1000,1184186
1670,-74.95993970367077,-162.37134599019993,1000,1185186
1671,-163.09644638696568,-163.38574113423007,798,1185984
1672,-36.68643386033466,-158.732071527972,137,1186121
1673,-92.97997598300023,-158.11452457770127,175,1186296
1674,-667.5709527324392,-163.90354039896377,277,1186573
1675,-131.44294238794896,-163.9251865432777,1000,1187573
1676,-443.41459846912505,-167.24415028145634,523,1188096
1677,-445.4184420463062,-171.038283422457,283,1188379
1678,-137.09283346654948,-170.9569778796904,487,1188866
1679,-607.7626191367877,-175.78418158481938,994,1189860
1680,-72.35608078541284,-175.4707414068905,352,1190212
1681,-43.935556009199416,-174.90919253028088,67,1190279
1682,1.7478156533040305,-174.2821038040083,172,1190451
1683,-256.30712134786916,-175.50069775376429,302,1190753
1684,-106.2774423898801,-175.57336445834895,1000,1191753
1685,-503.8680133139505,-179.8077988905639,978,1192731
1686,-143.0131653421377,-179.33504480493852,109,1192840
1687,-133.72637227508602,-179.75143961185105,1000,1193840
1688,-120.14617638608432,-179.62158159017292,144,1193984
1689,-179.47296654030626,-180.89331037379102,1000,1194984
1690,-133.89005781120923,-182.08280603988092,1000,1195984
1691,-40.59234762169271,-178.1714726855905,1000,1196984
1692,-150.00696255309862,-174.07821950683154,1000,1197984
1693,-13.05610754315812,-170.13084625324092,196,1198180
1694,-213.86950851840868,-170.8263923241874,791,1198971
1695,-460.03981921922497,-178.04376422855748,777,1199748
1696,-188.05758307810314,-178.7293238310982,69,1199817
1697,-163.68450410648754,-177.83017770226473,837,1200654
1698,-92.13955159101569,-177.23287146312796,1000,1201654
1699,-137.61588796049006,-177.9728142723763,1000,1202654
1700,-49.47882631205411,-177.33937042471592,287,1202941
1701,-142.30014413432326,-177.27285644568724,1000,1203941
1702,-660.7007729866043,-182.4239209446675,249,1204190
1703,5.7881610891137285,-181.15658427041268,223,1204413
1704,-162.27192851382932,-181.10541856764135,1000,1205413
1705,-350.98405117261007,-183.2433654345179,268,1205681
1706,-701.6658551910507,-189.80908175807778,220,1205901
1707,-62.69615521592299,-188.32831675182956,191,1206092
1708,-65.85401887407693,-187.87572480275793,188,1206280
1709,-348.1482406869708,-188.7197649570582,740,1207020
1710,-119.80657976897908,-188.78201639178644,1000,1208020
1711,-150.97224219060854,-189.882614047866,266,1208286
1712,-451.8805713479097,-192.968496907581,199,1208485
1713,-189.84204138875342,-192.4281657158504,145,1208630
1714,-61.00601238902212,-189.10560584442726,209,1208839
1715,-44.46275276290022,-188.52802095714978,250,1209089
1716,-250.40862008044547,-190.36735709615806,868,1209957
1717,-196.58897826409253,-185.2335917310262,876,1210833
1718,-175.62088367882023,-185.54431080841488,447,1211280
1719,-11.77728044900844,-185.0246017051151,1000,1212280
1720,-153.1898968855374,-185.6892796652689,156,1212436
1721,-141.76263120565048,-185.60905457463622,1000,1213436
1722,-169.73785583923228,-185.53242978832353,1000,1214436
1723,-134.74582530512643,-187.01482643917404,1000,1215436
1724,-148.62440695505217,-184.85434966707206,1000,1216436
1725,-312.1272156761536,-186.42202645221528,809,1217245
1726,-119.99208639343652,-186.87998265021452,1000,1218245
1727,-153.32571409632203,-187.5019291951055,1000,1219245
1728,-595.4433022328307,-192.0274085029413,211,1219456
1729,-181.10772623691716,-192.34692395051755,1000,1220456
1730,-159.29848919119266,-193.86151490655638,1000,1221456
1731,-200.2144227747561,-195.74019820020735,1000,1222456
1732,-182.09986806122592,-196.446490100942,1000,1223456
1733,-132.79948576437008,-196.12094694040752,1000,1224456
1734,9.67030650721199,-194.73363691513853,148,1224604
1735,-378.8450921456743,-197.06582923775736,135,1224739
1736,-191.34637194198666,-198.0081787334918,1000,1225739
1737,-365.3487051307946,-199.82207838613158,838,1226577
1738,-134.64073187148787,-199.42211971785414,319,1226896
1739,-447.46440809613944,-202.57024396266164,475,1227371
1740,-219.3729882484614,-198.18623824456847,1000,1228371
1741,-44.985357708893325,-195.10632823732558,1000,1229371
1742,-178.8978705067831,-193.87637601303905,1000,1230371
1743,-203.20649491288125,-194.39242896361836,1000,1231371
1744,-509.91726619327665,-199.40696849776123,638,1232009
1745,-117.05233803488143,-199.7128357772612,1000,1233009
1746,-157.99184490194776,-194.6576135614242,1000,1234009
1747,-179.90468138674242,-194.8765614255203,865,1234874
1748,-709.3630372999086,-200.7234038171322,883,1235757
1749,-227.1238843133209,-204.6096989771946,839,1236596
1750,-150.49808511130476,-204.06616882419002,1000,1237596
1751,-193.43445845691994,-204.7592554125137,1000,1238596
1752,-70.96528624582086,-203.94960024639278,111,1238707
1753,-146.10509063838754,-202.35862250440022,1000,1239707
1754,-89.04667863015185,-202.94774071640842,1000,1240707
1755,239.20208152700133,-199.7016077808434,284,1240991
1756,-206.47316234954206,-200.3747797505357,1000,1241991
1757,-128.5903727765654,-199.02127951087516,1000,1242991
1758,-112.14187511922815,-199.28283240745256,1000,1243991
1759,-216.2310954808856,-201.0994321124237,1000,1244991
1760,-290.34276108005804,-202.38118978645912,341,1245332
1761,-157.66943092949595,-201.62784418132162,193,1245525
1762,-130.49393243049758,-201.86021209487785,1000,1246525
1763,-217.20184605665767,-203.79978024196691,225,1246750
1764,-268.70810932350685,-202.41757657436926,880,1247630
1765,-153.81926936673727,-197.023421138086,1000,1248630
1766,-216.74280063179876,-197.9530572558033,1000,1249630
1767,-106.9071595585681,-198.44831987253346,1000,1250630
1768,-87.30961854025234,-197.8052516998785,1000,1251630
1769,-261.3978957863818,-199.46546927021038,984,1252614
1770,-207.1366203063344,-200.78723607623698,771,1253385
1771,-252.51936250414573,-201.68146523740882,926,1254311
1772,-113.8657987765363,-202.4532588865708,248,1254559
1773,-132.93702580347335,-202.85282938477553,1000,1255559
1774,-104.45605802590583,-197.22168043771023,395,1255954
1775,-11.708067126917001,-196.02433168509992,119,1256073
1776,-95.68736325154026,-192.54705933292408,1000,1257073
1777,-336.45726814968566,-191.45744759395788,453,1257526
1778,-34.300398663570206,-190.4295232459281,272,1257798
1779,-604.2037851972141,-190.39393490653234,220,1258018
1780,-70.98851527593484,-190.38025925143754,727,1258745
1781,-70.25351524265758,-190.64343884377212,211,1258956
1782,-102.02847479589963,-191.6812017482642,488,1259444
1783,-147.22355519217666,-190.59036608670726,571,1260015
1784,-93.80978809378958,-190.46568954374635,1000,1261015
1785,-160.7176934128138,-187.034186344735,460,1261475
1786,-90.9930603826159,-186.51398529513972,343,1261818
1787,-171.8939760151601,-186.89566133254047,586,1262404
1788,-120.83110784772866,-186.90251064715687,1000,1263404
1789,-211.05665869512507,-187.21834756870504,446,1263850
1790,-171.49149303090257,-187.59436192090197,574,1264424
1791,-216.28366440409513,-189.35127508872603,721,1265145
1792,-144.69082667529773,-189.29811372994806,135,1265280
1793,-216.44310496327284,-191.33198370414917,512,1265792
1794,-195.45346243243915,-191.1478232432895,630,1266422
1795,-11.710388583771845,-186.66452893693497,238,1266660
1796,-178.5895821823219,-186.56984892797718,550,1267210
1797,-220.04951191525473,-187.13349900606485,797,1268007
1798,-210.39976639733635,-188.31610115412803,514,1268521
1799,-164.11010257499925,-188.5810433002731,563,1269084
1800,-64.5072016718774,-188.73132705387138,1000,1270084
1801,-80.28197619382254,-188.1111453744664,1000,1271084
1802,-133.94560529799386,-182.8435936975803,434,1271518
1803,-297.06020580556503,-185.8720773665271,883,1272401
1804,-77.4829367225692,-185.02418744861447,226,1272627
1805,-171.41068745717405,-183.22845381146013,562,1273189
1806,-15.203947624126645,-176.36383473579087,1000,1274189
1807,-69.0780891713019,-176.4276540753446,843,1275032
1808,-115.43801299858512,-176.92349401658967,901,1275933
1809,-167.5936829455793,-175.11794843917573,350,1276283
1810,-74.11701048933863,-174.66105274637937,1000,1277283
1811,-102.5897467021009,-174.17722779149435,1000,1278283
1812,-192.44427387984916,-171.58286481681375,593,1278876
1813,-116.43977660729283,-170.84884216899914,178,1279054
1814,-101.65259517768432,-171.2553079968858,1000,1280054
1815,-127.85945632562816,-172.08927503251303,1000,1281054
1816,-113.88643137826621,-170.72405314549124,1000,1282054
1817,-95.98012199193565,-169.71796458276964,1000,1283054
1818,-121.58656323039864,-169.1776213782854,432,1283486
1819,-40.856036525499064,-169.4684089390503,62,1283548
1820,-281.51999099685355,-170.7517098801635,338,1283886
1821,-526.3173210323903,-174.59725677843093,990,1284876
1822,-143.9968301609935,-174.33984652164858,192,1285068
1823,-30.949430139374666,-173.30188256999102,1000,1286068
1824,-131.54258469085917,-173.13106434734908,1000,1287068
1825,-86.14798728394142,-170.871272063427,1000,1288068
1826,17.808683202170698,-169.49326436747089,325,1288393
1827,67.14782764035652,-167.28852895010408,209,1288602
1828,-156.31469436112195,-162.897242871387,1000,1289602
1829,-49.95329176322191,-161.5856985266501,274,1289876
1830,-176.05155637766427,-161.7532291985148,434,1290310
1831,-97.75719486607625,-160.728656919428,1000,1291310
1832,-85.975970250997,-159.7674179413257,1000,1292310
1833,-5.645838846809852,-158.49588147215007,105,1292415
1834,-70.15213721990067,-159.2941059094212,1000,1293415
1835,-55.09029197685328,-156.05655790773298,1000,1294415
1836,-112.16316271744886,-155.26472581548762,1000,1295415
1837,-97.26357065711422,-152.58387447075083,1000,1296415
1838,-135.30355368112046,-152.59050268884715,1000,1297415
1839,-154.46079330658642,-149.66046654095163,1000,1298415
1840,-33.867624126057116,-147.80541289972757,1000,1299415
1841,-111.40560862539228,-148.46961540889257,1000,1300415
1842,-224.3355476956389,-148.9239921807811,929,1301344
1843,-29.524660082845852,-147.18717383248074,1000,1302344
1844,-177.28269241320055,-143.86082809468,472,1302816
1845,-127.9696773286814,-143.970001487618,251,1303067
1846,-127.12515002785837,-143.6613345388771,1000,1304067
1847,-114.30845572915449,-143.00537228230124,1000,1305067
1848,-281.043784658872,-138.72217975589086,773,1305840
1849,-154.55136157780248,-137.99645452853568,1000,1306840
1850,-159.9020862176793,-138.09049453959943,1000,1307840
1851,-122.8712746008485,-137.38486270103868,1000,1308840
1852,-78.4106721590634,-137.4593165601711,1000,1309840
1853,-137.95728162793614,-137.37783847006662,1000,1310840
1854,-50.05465265445999,-136.9879182103097,1000,1311840
1855,-103.0759376815499,-140.4106984023952,1000,1312840
1856,-239.2347079616567,-140.73831385851636,937,1313777
1857,-119.5496725571873,-140.64790685632258,1000,1314777
1858,-117.10505928381346,-140.69753869796844,116,1314893
1859,-73.08437875341983,-139.26607153069378,341,1315234
1860,-81.31823629704303,-137.17582628286362,346,1315580
1861,-99.87005332304207,-136.59783250679908,1000,1316580
1862,-209.42132331039124,-137.38710641559803,125,1316705
1863,-127.63229648823352,-136.4914109199138,232,1316937
1864,-244.4887961638977,-136.24921778831768,288,1317225
1865,-221.26190601148005,-136.9236441547651,176,1317401
1866,-297.3072594160126,-137.72928874260725,135,1317536
1867,-245.9904258623644,-139.1201214056452,900,1318436
1868,-53.899567764930836,-138.786020897892,1000,1319436
1869,-133.16664142474386,-137.50370835427563,388,1319824
1870,-61.49272904026292,-136.04726944161493,1000,1320824
1871,-156.13076606662108,-135.08338347723966,187,1321011
1872,-79.15491165705654,-134.73627460604487,729,1321740
1873,-101.51354627133125,-134.42203981072345,300,1322040
1874,-110.25383169121994,-134.48001754737658,1000,1323040
1875,-67.52235017335587,-135.03816037784097,849,1323889
1876,-146.10365468997367,-135.5423232922253,1000,1324889
1877,-196.35267477059006,-134.14127735843434,856,1325745
1878,-93.61528768224511,-134.7344262486211,101,1325846
1879,-210.081096451326,-130.79319936116224,473,1326319
1880,-102.72028630045786,-131.11051707140746,220,1326539
1881,-91.42259516536348,-131.32220787063454,263,1326802
1882,-211.09531408636485,-132.41287626353918,196,1326998
1883,-78.81733466230031,-131.72881405824043,164,1327162
1884,-71.16135320019646,-131.50232970930446,1000,1328162
1885,-148.98139857812973,-131.38496676095764,1000,1329162
1886,-72.51535665757176,-131.20018972370718,1000,1330162
1887,-116.96607425933223,-130.6509107061489,1000,1331162
1888,-123.61720582825507,-130.67877168595416,164,1331326
1889,-53.90933947305803,-129.1072984937335,1000,1332326
1890,-78.92331149930452,-128.18161667841753,1000,1333326
1891,-31.684791884747654,-126.33562795322405,1000,1334326
1892,-125.22227658363535,-126.14094245230744,302,1334628
1893,-158.41444125757667,-125.56065581525047,451,1335079
1894,-59.73938631402271,-124.2035150540663,73,1335152
1895,-119.9430843162349,-125.28584201139094,1000,1336152
1896,-195.59454963465777,-125.45589168591431,970,1337122
1897,-153.29976518342474,-124.78839421859598,1000,1338122
1898,-135.09483326618286,-124.03534488728448,1000,1339122
1899,-85.32467583498982,-123.24749061988437,1000,1340122
1900,-32.5666113797065,-122.92808471696267,1000,1341122
1901,-157.58545454144766,-123.7011195004389,254,1341376
1902,-136.7695939642852,-123.72935938710185,1000,1342376
1903,-400.76456960239426,-124.7664030250701,452,1342828
1904,-231.2417298344157,-126.30399095618857,949,1343777
1905,-153.13571547541235,-126.12124123637095,1000,1344777
1906,-207.50663022883032,-128.04426806241798,661,1345438
1907,-187.46693201210078,-129.228156490826,720,1346158
1908,-103.90680934650399,-129.1128444543052,156,1346314
1909,-156.84621146794942,-129.00536973952887,1000,1347314
1910,-90.83977239217153,-129.17259735855723,262,1347576
1911,-177.58658361979735,-129.92256572773417,1000,1348576
1912,-127.54456010703137,-129.273568590006,1000,1349576
1913,-32.349631364800615,-128.43266713758106,159,1349735
1914,-165.46367528400393,-129.07077793864426,1000,1350735
1915,-266.3123292704969,-130.45530666809293,857,1351592
1916,-28.1132189750694,-129.597574544061,279,1351871
1917,-69.97561984575843,-129.3375295225992,416,1352287
1918,13.231982501738244,-127.98934406527783,150,1352437
1919,-169.26633461788808,-129.27344704620174,1000,1353437
1920,-672.2236662024566,-133.18048379825777,758,1354195
1921,-110.3787660665482,-129.02109824859934,216,1354411
1922,-120.19091340466792,-128.78303908103607,1000,1355411
1923,40.89677789009755,-128.06457700074137,252,1355663
1924,-60.08960764898462,-127.3500472303226,1000,1356663
1925,-147.38025343348988,-127.96236989181808,124,1356787
1926,-546.9934796457503,-133.6103915202973,148,1356935
1927,-57.917169223035344,-134.86104148893122,421,1357356
1928,-90.42190400306698,-134.2021135853507,131,1357487
1929,-185.5280336076732,-135.5578610037952,107,1357594
1930,-153.94726752923518,-135.3368181153109,1000,1358594
1931,-129.2178580224369,-135.6514247468745,285,1358879
1932,-117.7196111403013,-135.96886115576754,1000,1359879
1933,-91.24455150299968,-136.82484828232944,151,1360030
1934,-112.77196387380452,-137.2510465488685,128,1360158
1935,-112.45780834630935,-137.82472171256305,169,1360327
1936,-108.03652660228222,-137.78345535141136,189,1360516
1937,-86.77108945644667,-137.6785305394047,158,1360674
1938,-229.9252370566756,-138.62474737316023,712,1361386
1939,-127.88067819954439,-138.35894622208983,1000,1362386
1940,-179.28217235583836,-139.81309170438766,457,1362843
1941,-119.80760298993941,-139.89711164803313,1000,1363843
1942,-111.92812430751789,-138.77303741415193,58,1363901
1943,-159.80185489017447,-140.07580936222521,192,1364093
1944,-116.00162779357504,-139.46299871602895,1000,1365093
1945,-86.06620386207761,-139.04396398136294,1000,1366093
1946,-169.30660099609327,-139.46577849104526,165,1366258
1947,-98.12827273963693,-139.30397666115007,479,1366737
1948,-196.0499658845049,-138.45403847340643,331,1367068
1949,-172.03116973468985,-138.62883655497527,223,1367291
1950,-161.4147973387493,-138.64396366618598,1000,1368291
1951,-93.70322627515984,-138.3522831829291,1000,1369291
1952,-116.55591521787127,-138.73373561351718,129,1369420
1953,-3.230506094589586,-137.38646785818372,406,1369826
1954,5.522538895932412,-136.83069594267982,1000,1370826
1955,-24.001537751591854,-136.03995194338023,120,1370946
1956,-123.94300453174738,-134.8870349090811,1000,1371946
1957,-85.02950885941661,-134.54183327210342,1000,1372946
1958,-117.95852074626403,-134.5503678867279,1000,1373946
1959,-229.0951472348315,-136.11047557154203,682,1374628
1960,-76.80224492210452,-136.06531565779264,1000,1375628
1961,-220.0213377166279,-137.2668285017285,986,1376614
1962,-155.09843778511913,-136.72359964647578,819,1377433
1963,-67.26796397864928,-136.11995632137993,513,1377946
1964,57.26710482529563,-133.102397311488,177,1378123
1965,-85.06817595833408,-131.74046001095655,1000,1379123
1966,-87.0766409268499,-129.63815382606492,1000,1380123
1967,-106.04109242101052,-128.23866049165136,433,1380556
1968,-90.74023061415286,-128.6070671201436,888,1381444
1969,-179.49617528360693,-129.0703624587322,96,1381540
1970,-188.56753069454882,-130.34111047527506,102,1381642
1971,-99.69177249499806,-129.77672053955882,195,1381837
1972,-45.20443446100197,-129.4372157675983,1000,1382837
1973,-79.70408922481205,-129.2191211971331,1000,1383837
1974,-770.1922686775555,-135.8185055669965,910,1384747
1975,-56.86711315564262,-135.7119531968193,1000,1385747
1976,-178.90309757687712,-136.03994762568837,147,1385894
1977,-161.91179775785074,-135.69553885556098,1000,1386894
1978,-141.2148170372998,-136.17153414911152,1000,1387894
1979,-235.7998516900726,-136.42872170149897,728,1388622
1980,-131.294722824181,-136.71446606673624,287,1388909
1981,-89.33321132659353,-136.69357222834853,163,1389072
1982,-118.65731198279266,-135.7691922073128,1000,1390072
1983,-198.93071554332712,-136.97032601612307,604,1390676
1984,-110.62616517885418,-137.36497413590965,1000,1391676
1985,-72.82391851155481,-136.6033993352439,1000,1392676
1986,-121.98220643521132,-137.09806783302028,1000,1393676
1987,-49.71326864862553,-136.4255397769132,97,1393773
1988,-168.0841699358109,-136.8702094179888,1000,1394773
1989,-216.08826213434133,-138.49199864460164,826,1395599
1990,-173.4750584120686,-139.43751611372926,316,1395915
1991,-179.42890059126694,-140.91495720079445,269,1396184
1992,-107.33499497215155,-140.73608438467963,1000,1397184
1993,-90.5101177637702,-140.05704114974154,1000,1398184
1994,-174.91015007521884,-141.2087487873535,160,1398344
1995,-141.7620435657857,-141.42693837984902,277,1398621
1996,-128.4133915033724,-140.75512679853617,1000,1399621
1997,-91.99744109318216,-140.14210355763373,199,1399820
1998,-97.59176999511155,-139.76707292492304,1000,1400820
1999,-104.01453853082009,-139.95397155188132,314,1401134
2000,-60.8420850246274,-140.23672628833054,1000,1402134
2001,-248.42803577145452,-141.1451521006306,699,1402833
2002,-280.82882568873555,-142.5857444178751,262,1403095
2003,-143.00949861292793,-140.00819370798044,1000,1404095
2004,-160.936227845749,-139.30513868809376,100,1404195
2005,-65.99888119917446,-138.43377034533137,1000,1405195
2006,-333.746070213146,-139.69616474517454,825,1406020
2007,-195.20178412753796,-139.7735132663289,381,1406401
2008,-128.16753048363896,-140.01612047770027,436,1406837
2009,-168.25343464590003,-140.1301927094798,187,1407024
2010,-288.98032656320373,-142.1115982511901,631,1407655
2011,-80.38927467790204,-141.13962516177114,1000,1408655
2012,-95.76220672663975,-140.82180162796723,1000,1409655
2013,-137.71614471395347,-141.87546676145877,1000,1410655
2014,-136.93979906475397,-141.59022799926626,1000,1411655
2015,-97.02805038258035,-139.8973852103871,232,1411887
2016,32.32165055764483,-139.29303651505995,214,1412101
2017,-159.54496229868468,-140.18872993958922,442,1412543
2018,-116.29280315495122,-141.4839777961561,124,1412667
2019,-119.715528189573,-140.98846973187298,217,1412884
2020,16.397898484900594,-134.10225408499943,191,1413075
2021,1.7437442335295898,-132.9810289819986,1000,1414075
2022,-75.47956803358854,-132.53391552828782,1000,1415075
2023,-204.15368343788376,-134.98442014156763,606,1415681
2024,-27.064214699622184,-134.654166212074,209,1415890
2025,-166.93285800280628,-134.84969225776717,576,1416466
2026,-97.55790964671559,-130.35533655777684,894,1417360
2027,-93.17502383776173,-130.7079151039241,92,1417452
2028,-110.7393232680315,-130.91108929657375,271,1417723
2029,-135.06976683219108,-130.4065066288189,208,1417931
2030,-99.88700664370347,-129.8659040199636,115,1418046
2031,-133.0809204432609,-129.90453464417183,300,1418346
2032,-521.8553601094004,-133.94589213386283,178,1418524
2033,-87.56496936803048,-133.90909631251313,140,1418664
2034,-102.83063049450229,-133.8096829787201,385,1419049
2035,35.74807673112906,-132.3276241279457,193,1419242
2036,-478.5253926506721,-136.03251278842959,180,1419422
2037,44.44534836163376,-134.7203484102488,164,1419586
2038,-44.9080134828024,-132.87017617451008,252,1419838
2039,241.38630455453207,-129.17750634696932,532,1420370
2040,-95.43797049435979,-128.33906432835454,1000,1421370
2041,-78.03333980975589,-127.92132169655271,1000,1422370
2042,132.32912258958365,-125.4787492275817,897,1423267
2043,-207.3490101532803,-125.95422078021278,179,1423446
2044,55.148763124474044,-124.24271687103226,150,1423596
2045,-165.11428032999862,-125.03319763571149,473,1424069
2046,0.400528188332558,-123.33612634386722,154,1424223
2047,-70.38936928082944,-123.05873730927914,93,1424316
2048,-143.6493749002403,-122.53473139943648,1000,1425316
2049,-128.72495876368157,-122.1016692897264,151,1425467
2050,81.23568520900756,-119.67516446424882,163,1425630
2051,51.08182951536068,-118.22731390634364,164,1425794
2052,-181.94669951425018,-118.88122174930744,141,1425935
2053,-95.13889224146052,-119.80030561077614,544,1426479
2054,-65.25735134506866,-120.50810451318614,176,1426655
2055,-60.19442111255447,-120.87003334679575,111,1426766
2056,-127.04444972538303,-120.90104779873212,1000,1427766
2057,164.97187599141813,-118.40103395022378,630,1428396
2058,-83.34002002642089,-118.05484894302533,1000,1429396
2059,-98.01094330777912,-116.74400690375482,213,1429609
2060,-31.326893251140845,-116.28925338704519,1000,1430609
2061,-52.593047149046356,-114.61497048136937,1000,1431609
2062,-94.18561729184307,-114.00584227643661,1000,1432609
2063,-287.918123197413,-116.21234386862423,993,1433602
2064,1.1836878328232672,-116.77317803854898,219,1433821
2065,-175.12430050790067,-117.67373928404464,1000,1434821
2066,-63.18649296616947,-117.43483780443783,128,1434949
2067,-135.98946005742434,-117.73432148080197,295,1435244
2068,-65.46355236032547,-117.4815546982637,482,1435726
2069,-196.96400656588244,-117.65623301108644,545,1436271
2070,-65.52446079588626,-116.42580231209982,1000,1437271
2071,-152.57096726459423,-116.95459425979578,250,1437521
2072,-92.89250710199308,-117.43147498620569,1000,1438521
2073,-108.08802451740385,-117.7153143391316,127,1438648
2074,-124.83187334968969,-111.26171038585294,112,1438760
2075,-44.61474052264458,-111.13918665952295,114,1438874
2076,-237.94401945726594,-111.72959587832683,855,1439729
2077,-23.91486004870842,-110.34962650123539,1000,1440729
2078,-56.17857831577309,-109.49926411402015,180,1440909
2079,-207.92119147581192,-109.22047751187756,417,1441326
2080,-83.69175423809546,-108.74444782601671,1000,1442326
2081,-127.35968462412312,-109.12471255899203,1000,1443326
2082,6.105952449865248,-107.87707991466544,1000,1444326
2083,-84.24454335449354,-106.7302181927771,1000,1445326
2084,-185.4666887060095,-107.47862342804865,320,1445646
2085,-147.67667240453832,-108.22715096697851,1000,1446646
2086,-112.17478443932514,-108.12907674701961,585,1447231
2087,-126.2450280651938,-108.89439434118532,1000,1448231
2088,-60.29383801267321,-107.81649102195392,746,1448977
2089,-12.101760085047482,-105.776626001461,1000,1449977
2090,-157.88591379361444,-105.62073455527643,1000,1450977
2091,-292.46879062416144,-106.7511334556054,799,1451776
2092,-174.82710684360234,-107.42605457431989,1000,1452776
2093,-200.63483103413043,-108.52730170702351,635,1453411
2094,-158.97084862921662,-108.36790869256349,768,1454179
2095,-138.08506550118108,-108.33113891191744,193,1454372
2096,-238.73002083179918,-109.43430520520171,131,1454503
2097,209.68868841660867,-106.4174439101038,528,1455031
2098,-59.26743042675822,-106.03420051442026,1000,1456031
2099,-171.33571149277554,-106.7074122440398,1000,1457031
2100,-169.4090625109282,-107.79308201890281,138,1457169
2101,24.16923058135893,-105.06710935537467,239,1457408
2102,-78.1200026165996,-103.04002112465331,1000,1458408
2103,-73.17880767495878,-102.34171421527361,1000,1459408
2104,-166.84116004276558,-102.4007635372438,671,1460079
2105,-120.02101593474025,-102.94098488459946,1000,1461079
2106,-135.3664790990194,-100.9571889734582,612,1461691
2107,17.607815164053477,-98.82909298054228,115,1461806
2108,-120.2966700671297,-98.75038437637718,1000,1462806
2109,-116.55753624955175,-98.23342539241368,1000,1463806
2110,-130.4864659537764,-96.64848678631941,1000,1464806
2111,-62.86310992239717,-96.47322513876438,1000,1465806
2112,-91.58272394651938,-96.43143031096317,1000,1466806
2113,-120.91736848583479,-96.26344254868198,1000,1467806
2114,-108.55925646532998,-95.97963712268775,1000,1468806
2115,-62.23450491755304,-95.6317016680375,69,1468875
2116,-110.94199224682953,-97.06433809608222,1000,1469875
2117,-139.29333936828618,-96.86182186677824,718,1470593
2118,-7.639445299440127,-95.77528828822315,1000,1471593
2119,-28.04632840333822,-94.85859629036081,1000,1472593
2120,-57.25621251860811,-95.59513740039587,1000,1473593
2121,-35.19752252554423,-95.96455006798661,1000,1474593
2122,-110.36617491467977,-96.31341613679751,1000,1475593
2123,-124.00185320118773,-95.51189783443057,1000,1476593
2124,-73.10592044765878,-95.97231489191091,1000,1477593
2125,45.33603686340456,-93.84962594324881,1000,1478593
2126,-140.23142187343572,-94.27636106551601,1000,1479593
2127,-46.68914227801193,-93.81150224991852,612,1480205
2128,166.1193047533803,-91.04291596970441,820,1481025
2129,-20.768582192779803,-89.89990412331028,198,1481223
2130,25.42089592226749,-88.64682509765056,173,1481396
2131,-288.43048740332335,-90.20032076725121,525,1481921
2132,-51.06062491840816,-85.49237341534126,1000,1482921
2133,-50.503491413688565,-85.12175863579785,1000,1483921
2134,95.8382260283549,-83.13507007056928,797,1484718
2135,-119.80815902992228,-84.6906324281798,767,1485485
2136,-243.33632043871665,-82.33874170606023,238,1485723
2137,7.087024989010153,-82.71232493978647,1000,1486723
2138,-1.25319991990618,-82.2757768041575,369,1487092
2139,-132.84388179781024,-86.01807866768092,405,1487497
2140,-116.81914931959405,-86.23189045593327,1000,1488497
2141,-94.8154713062743,-86.39971177089845,226,1488723
2142,-66.32396477582756,-88.38624264455257,401,1489124
2143,-207.14864392283192,-88.38423898224809,207,1489331
2144,-88.50362439698816,-89.82076285746273,95,1489426
2145,-59.244558970240796,-88.76206564386513,1000,1490426
2146,-88.93147329149946,-89.65538565866345,229,1490655
2147,-178.54394516979056,-90.73693141755308,99,1490754
2148,-59.383072814046045,-89.89426839669112,1000,1491754
2149,-75.96241841443505,-89.36664299319868,1000,1492754
2150,-112.47093977258432,-91.3037092430146,1000,1493754
2151,-241.28893557533718,-94.22741689392159,90,1493844
2152,-7.900433241438368,-92.48695423119345,1000,1494844
2153,-76.5066175271399,-92.30063148405024,1000,1495844
2154,-202.8978215350441,-93.67703618595,986,1496830
2155,-59.40720738836113,-93.66916404870807,1000,1497830
2156,-83.48968272806846,-93.23361637873491,1000,1498830
2157,-117.8271048210755,-96.06160618685985,556,1499386
2158,-107.76934557408181,-96.30589944233647,146,1499532
2159,-83.72183553191427,-96.1630083645778,1000,1500532
2160,-100.6195334839269,-96.85593476690566,1000,1501532
2161,-190.23148079496852,-98.23231910336489,109,1501641
2162,-210.1817332222447,-99.39228026266892,918,1502559
2163,-9.062199294031501,-96.6037210236351,133,1502692
2164,-138.77542878866615,-98.00331218984998,125,1502817
2165,-9.248200777891668,-96.3445511925499,130,1502947
2166,23.775529958889436,-95.4749309632993,186,1503133
2167,-72.18292372593994,-94.83686559998445,147,1503280
2168,-133.99771957252256,-95.52220727210643,1000,1504280
2169,-141.95732961852912,-94.97214050263293,141,1504421
2170,-157.9722911685099,-95.89661880635914,720,1505141
2171,269.22234405048454,-91.67868569320835,416,1505557
2172,-187.75202595861094,-92.62728088177454,230,1505787
2173,-85.56870559971428,-92.40208769259763,157,1505944
2174,-2.6898214819236728,-91.18066717391997,107,1506051
2175,-60.20370458340068,-91.33655681452753,1000,1507051
2176,-134.30632778236563,-90.30017989777852,122,1507173
2177,-179.52968150744562,-91.85632811236589,355,1507528
2178,-78.28571644167216,-92.0773994936249,92,1507620
2179,-358.30761560809225,-93.5812637349477,896,1508516
2180,-91.99856274460228,-93.66433182001276,135,1508651
2181,168.75558560768403,-90.70317911769469,592,1509243
2182,-95.86507669384389,-91.72288940913178,812,1510055
2183,-116.80370936602203,-92.04848106924709,1000,1511055
2184,-148.9027171974378,-91.68284135416135,1000,1512055
2185,-85.62037481865276,-91.0622783783025,1000,1513055
2186,-277.66924695337354,-92.71722300344298,950,1514005
2187,-251.85863901476824,-93.97335911293871,752,1514757
2188,-276.5692980750428,-96.13611371356241,897,1515654
2189,-30.83824708593331,-96.32347858357129,1000,1516654
2190,-201.439041294933,-96.75900985858446,1000,1517654
2191,-277.23062141750955,-96.60662816651795,763,1518417
2192,-81.49729432736552,-95.6733300413556,1000,1519417
2193,-204.04830005845935,-95.70746473159886,1000,1520417
2194,-103.05050054328662,-95.14826125073957,1000,1521417
2195,-161.97519941195014,-95.38716258984725,1000,1522417
2196,-48.566691773402354,-93.48552929926328,1000,1523417
2197,-126.29824371162793,-96.84539862054565,1000,1524417
2198,132.15629094542751,-94.93116140682379,1000,1525417
2199,-179.68940768313206,-95.01469836872735,533,1525950
2200,-57.347274947911984,-93.89408049309719,1000,1526950
2201,-120.60617880759841,-95.34183458698679,1000,1527950
2202,-122.68677534899538,-95.78750231431073,1000,1528950
2203,-193.16358323155782,-96.98735006987674,756,1529706
2204,-236.8274963446962,-97.68721343289603,977,1530683
2205,-21.753472297879753,-96.70453799652742,175,1530858
2206,-571.2854803624539,-101.06372800916176,112,1530970
2207,-143.71488462212915,-102.67695500702361,197,1531167
2208,-140.34342619425126,-102.87742256829482,1000,1532167
2209,-130.35715267239843,-103.0154187325233,1000,1533167
2210,-102.92017936041218,-102.73975586658963,1000,1534167
2211,-67.33919100786107,-102.78451667744429,98,1534265
2212,-25.409302661559796,-102.12278246459469,1000,1535265
2213,-134.65307783705032,-102.26013955810684,1000,1536265
2214,-26.90969290091813,-101.44364392246271,159,1536424
2215,-62.02647043685846,-101.44156357765578,1000,1537424
2216,-95.92784847658962,-101.29142213995337,1000,1538424
2217,-73.48541164199732,-100.63334286269048,1000,1539424
2218,-102.00238054547431,-101.57697221515083,1000,1540424
2219,-141.6286368088587,-102.71279529920605,1000,1541424
2220,-107.26552462546188,-103.21288842027458,513,1541937
2221,-154.02276068319196,-104.40114080185106,1000,1542937
2222,-75.52016315288856,-104.05268068423312,1000,1543937
2223,-146.07273744708218,-104.2733895266921,1000,1544937
2224,-179.22763517766998,-105.3346066739922,1000,1545937
2225,-154.7248246657102,-107.33521528928337,1000,1546937
2226,-170.05234943282755,-107.63342456487726,664,1547601
2227,4.402742091858855,-107.12250572117857,399,1548000
2228,-32.7509251617183,-109.11120802032954,102,1548102
2229,-20.701652592334057,-109.11053872432507,417,1548519
2230,-1.9839356324559674,-109.3845870398723,166,1548685
2231,-141.49722741360145,-107.91525443997507,1000,1549685
2232,-130.72984044600366,-108.71194659525104,1000,1550685
2233,-58.46039887692142,-108.79151566988338,1000,1551685
2234,-74.27131416426094,-110.49261107180953,1000,1552685
2235,-173.66630263737773,-111.03119250788409,72,1552757
2236,-111.19982678683496,-109.70982757136528,1000,1553757
2237,-114.19227393196,-110.92262056057496,1000,1554757
2238,-106.39042169961355,-111.97399277837205,1000,1555757
2239,-125.48787111000462,-111.900432671494,1000,1556757
2240,-86.37364735203653,-111.59597765181843,144,1556901
2241,-81.71338254665623,-111.46495676422224,1000,1557901
2242,-113.50196263195163,-111.93673674278347,1000,1558901
2243,-117.0950159690705,-111.03620046324586,305,1559206
2244,10.293526387153053,-110.04822895540445,1000,1560206
2245,-55.698280172493185,-110.01276616742697,146,1560352
2246,-82.8469352130678,-109.95192078664265,1000,1561352
2247,75.80108406398574,-107.4084704943049,1000,1562352
2248,-220.3473592926543,-109.01811335909099,868,1563220
2249,-59.69458037393479,-108.85543497868598,574,1563794
2250,-68.40680477526917,-108.41479362871283,1000,1564794
2251,-65.20278650542706,-106.65393213801373,1000,1565794
2252,-92.6475385382404,-107.50140319098176,1000,1566794
2253,-106.18925389153516,-107.7982295546257,1000,1567794
2254,-220.97502545896918,-107.97900159386492,920,1568714
2255,-123.46515161915366,-108.61958103617286,908,1569622
2256,86.63008818736071,-106.91838332701856,121,1569743
2257,-242.26428061302656,-108.16275508493807,105,1569848
2258,-210.2434868744684,-109.18749649794194,167,1570015
2259,-211.3750292011322,-110.46402843463412,170,1570185
2260,-189.9311125940731,-111.35714422573557,762,1570947
2261,239.82109850931474,-107.05661843269274,512,1571459
2262,-147.41555209934614,-106.42895662146377,969,1572428
2263,-104.49141261973848,-107.38324875472082,1000,1573428
2264,-101.213941512955,-107.00763388196373,1000,1574428
2265,-102.06394748552216,-107.93579134904003,1000,1575428
2266,-94.86126643021693,-109.12215931293109,1000,1576428
2267,-104.98670159744394,-109.45019709164613,1000,1577428
2268,-12.676252362089812,-108.2369824195418,224,1577652
2269,-89.81169909489371,-107.71552611430543,412,1578064
2270,-86.68565991972876,-107.00265980181763,140,1578204
2271,-132.81409420372256,-111.02302418435971,1000,1579204
2272,-41.11669187072572,-109.55667084348086,1000,1580204
2273,-124.71216003812026,-109.94810538786493,120,1580324
2274,-165.94506259949665,-111.58065779904064,458,1580782
2275,-189.1158449608261,-112.8697792028149,672,1581454
2276,212.07396654930676,-109.40597625949816,632,1582086
2277,-666.7707367421341,-114.27838681184507,969,1583055
2278,105.88586392543476,-112.436671008174,788,1583843
2279,-39.46767885792286,-109.2482716406723,1000,1584843
2280,-146.8460143745815,-109.79674615697209,151,1584994
2281,-187.95063441400396,-113.36380835718899,157,1585151
2282,-234.27831532972667,-114.7479407435478,749,1585900
2283,-37.450724254968584,-113.95441089243727,212,1586112
2284,-35.710766582012624,-112.82249138628302,164,1586276
2285,-108.91212398274084,-113.0554088779239,1000,1587276
2286,-108.3355034937346,-111.36207144332751,1000,1588276
2287,-176.51976355375785,-110.6086826887174,1000,1589276
2288,-152.507849051685,-109.36806819848381,774,1590050
2289,-201.17156931518346,-111.07140142077633,1000,1591050
2290,-118.93438004254239,-110.24635480825243,1000,1592050
2291,-281.924869973947,-110.2932972938168,837,1592887
2292,-85.63512867932255,-110.3346756373364,1000,1593887
2293,-100.10176250344884,-109.29521026178631,189,1594076
2294,-168.3033962104748,-109.94773921845815,1000,1595076
2295,-216.24628646459144,-110.49045008898457,166,1595242
2296,-195.33244489544828,-111.95810762020501,745,1595987
2297,-166.3273523220533,-112.35839870630929,1000,1596987
2298,10.631908185175362,-113.57364253391181,118,1597105
2299,-217.9844104465499,-113.95659256154599,1000,1598105
2300,-28.801432184526774,-113.67113413391215,182,1598287
2301,-237.94510266680732,-114.84452337250421,782,1599069
2302,-150.02697073266745,-115.11792532634094,544,1599613
2303,-184.3137131411336,-115.0294266254367,152,1599765
2304,-80.68247047444385,-113.46797636673416,244,1600009
2305,-99.1172585220501,-114.24161422897586,433,1600442
2306,-105.92675601812738,-109.58802698553262,1000,1601442
2307,225.63505416036395,-105.89452759770768,421,1601863
2308,-57.44189324582384,-105.06551226822342,1000,1602863
2309,-36.4273238825519,-104.12621398032492,142,1603005
2310,-4.88615633383427,-103.14587375005914,1000,1604005
2311,-86.18784643030949,-103.33436030428363,335,1604340
2312,-202.5858219236675,-105.10612549690474,262,1604602
2313,-41.00143177260151,-104.16960903626024,1000,1605602
2314,-136.36199995029796,-105.26413210675402,385,1605987
2315,-104.78971734961286,-105.69176457588156,453,1606440
2316,-46.83735769991971,-105.20085966811489,1000,1607440
2317,143.6708795895786,-103.02929675579911,766,1608206
2318,144.59512539318473,-100.56332169641253,845,1609051
2319,-88.90016123056378,-100.03603694062957,302,1609353
2320,-99.48623686779048,-99.95824406305286,317,1609670
2321,-16.72299076192958,-98.58524636384026,147,1609817
2322,-81.38953101192538,-98.64394004243063,473,1610290
2323,-175.02952797958605,-98.93350794775566,129,1610419
2324,192.65139698582988,-95.21471762612066,636,1611055
2325,133.9984607968093,-92.32748477149548,786,1611841
2326,3.162121631641753,-90.59534006085076,128,1611969
2327,-251.90438897342028,-93.15841137150355,951,1612920
2328,-40.006338201873604,-93.2309655019051,333,1613253
2329,-97.88143187456022,-94.00276329472737,397,1613650
2330,-54.455785281607334,-94.52748179121889,220,1613870
2331,-48.40372471022728,-93.59654676418515,166,1614036
2332,-49.68566549178838,-92.78610501464298,1000,1615036
2333,-87.58124976737605,-93.07731352354755,512,1615548
2334,-92.754684687432,-93.26214722877926,234,1615782
2335,71.94053048524412,-90.80607889755302,930,1616712
2336,-175.5918514302181,-91.44999914398684,125,1616837
2337,-114.88001916672843,-91.45687659633454,518,1617355
2338,245.16761725927665,-87.94129620674563,449,1617804
2339,-166.62906010820925,-88.3527080967277,418,1618222
2340,-90.24966304593747,-88.3914682536667,1000,1619222
2341,4.35544889376028,-87.53077993926252,1000,1620222
2342,-169.70501193521133,-88.09281043229512,107,1620329
2343,7.6670425550165175,-86.84518984705424,1000,1621329
2344,-96.57630070154316,-87.91388811794121,483,1621812
2345,-194.15843314388513,-89.29848964765513,72,1621884
2346,-31.38336799477696,-88.78385397547221,1000,1622884
2347,-67.17347871438675,-90.21359960325596,1000,1623884
2348,-178.43107695003107,-89.79443677982972,680,1624564
2349,-49.57648260894092,-89.69325580217979,131,1624695
2350,-74.85053360131748,-89.75769309044028,273,1624968
2351,75.89983996467497,-88.34666682573925,1000,1625968
2352,229.1379414341619,-85.12881202601523,641,1626609
2353,43.209709120643986,-83.63482239589342,1000,1627609
2354,-93.89096283584418,-82.36398176966217,208,1627817
2355,-145.92748966982253,-82.58860515016887,476,1628293
2356,-14.831843739814659,-83.6032244694406,82,1628375
2357,-157.29870611991416,-82.75356872450949,132,1628507
2358,-17.971527102456648,-80.83084912678937,142,1628649
2359,-37.54397115220658,-79.09253854630013,1000,1629649
2360,2.7599552659679887,-77.16562786769971,70,1629719
2361,-86.21879144067304,-80.4260267671996,164,1629883
2362,-15.612438855423107,-79.10799563476037,237,1630120
2363,-107.9497699008286,-79.14257920757127,176,1630296
2364,-103.9658861536023,-79.17009865397773,159,1630455
2365,-102.35932174758823,-79.17305239659841,113,1630568
2366,6.608638895763434,-78.15835334333859,101,1630669
2367,-729.8424093264553,-84.4069104206287,220,1630889
2368,-134.53645770021836,-85.62551247401,347,1631236
2369,-106.02296087928512,-85.78762509185391,1000,1632236
2370,-120.81237813172795,-86.1288922739739,187,1632423
2371,20.18320596962721,-84.59891927224038,109,1632532
2372,-28.735073894319044,-84.47510309247633,117,1632649
2373,-69.6584130010064,-83.9245656221052,208,1632857
2374,-7.564114810236504,-82.34075614421259,190,1633047
2375,-65.7173079227138,-81.10677077383147,208,1633255
2376,-154.70533550425722,-84.77456379436711,1000,1634255
2377,-217.68228901804488,-80.28367931712623,862,1635117
2378,-96.57074138941702,-82.30824537027475,229,1635346
2379,-15.733082418346825,-82.07089940587898,87,1635433
2380,-131.8333353976164,-81.92077261610932,691,1636124
2381,-68.04303742275911,-80.72169664619688,86,1636210
2382,-98.49734179269798,-79.36388691082658,366,1636576
2383,-160.81286907860013,-80.5975083590629,186,1636762
2384,-136.91425090296832,-81.60954320227245,850,1637612
2385,-117.01690562305251,-81.69059101867558,631,1638243
2386,-67.43844774926458,-81.28162046123087,87,1638330
2387,-106.55992092221676,-80.58202203491547,1000,1639330
2388,-154.1227124060458,-80.59817066845908,810,1640140
2389,-132.36887708877742,-79.91014374619503,566,1640706
2390,-178.7241436488113,-80.5080413822577,66,1640772
2391,-68.88736186738458,-78.37766630119208,206,1640978
2392,-132.73311132695974,-78.84864612766846,1000,1641978
2393,-185.98186402826116,-79.70744714291658,94,1642072
2394,-61.785932535778436,-78.6422725061696,1000,1643072
2395,-42.51274168379541,-76.90493705836165,292,1643364
2396,85.48505386614445,-74.09676207074571,981,1644345
2397,-111.83467495790214,-73.55183529710422,1000,1645345
2398,49.12180629973054,-73.16693631595865,130,1645475
2399,-65.85076489863731,-71.64559986047952,1000,1646475
2400,-120.43398774497346,-72.56192541608401,321,1646796
2401,-86.88768206018003,-71.05135121001773,1000,1647796
2402,-55.755886623730404,-70.10864036892836,1000,1648796
2403,-42.24194715404374,-68.68792270905746,1000,1649796
2404,206.92271222172943,-65.81187088209573,411,1650207
2405,-36.362575224863946,-65.18432404912384,1000,1651207
2406,-83.48207810203397,-64.95987726996292,1000,1652207
2407,173.56040613104682,-65.48062375025609,468,1652675
2408,-75.96655986198107,-65.66587041641768,138,1652813
2409,-108.6535753632336,-66.38813293122449,421,1653234
2410,-151.97319119614858,-67.85900327984763,393,1653627
2411,12.24177781068289,-66.87470703743772,110,1653737
2412,-18.825009543226088,-65.0370989136333,177,1653914
2413,-134.05008633456538,-65.96758545925293,442,1654356
2414,-162.45765838774034,-66.22854204362736,803,1655159
2415,-53.263605353975514,-65.71328092367098,73,1655232
2416,-70.06506800140333,-65.94555802668582,116,1655348
2417,-88.17837095964364,-68.26405053217805,455,1655803
2418,-116.26020945587732,-70.87260388066866,1000,1656803
2419,-190.41219824597636,-71.88772425082279,895,1657698
2420,-31.558562962096488,-71.20844751176584,205,1657903
2421,-181.81136033804137,-72.85933120752696,481,1658384
2422,-164.8654065083062,-73.69408996249076,822,1659206
2423,-53.713192984505326,-72.48092661253997,278,1659484
2424,-138.35389734785025,-75.79097955587677,862,1660346
2425,-97.04306834052407,-78.10139484725009,1000,1661346
2426,-235.53757264850674,-80.48839179005158,242,1661588
2427,-123.34091627373523,-79.20275706305472,341,1661929
2428,-53.29805290681854,-79.33567421010417,186,1662115
2429,-0.40734604405658104,-78.36093335179916,115,1662230
2430,-55.90892138050009,-78.37546471278807,201,1662431
2431,-257.01627707970584,-80.46159023648286,375,1662806
2432,-72.72841664154197,-80.6920177479804,227,1663033
2433,-191.02115090621132,-81.72641675936876,801,1663834
2434,-66.60160664937413,-81.46488597898818,400,1664234
2435,-133.55494348985403,-83.51984071873916,142,1664376
2436,-128.51158371228112,-83.04903804155978,212,1664588
2437,-48.03512577604323,-82.38058910765294,285,1664873
2438,-84.35735342801327,-85.67583881452583,413,1665286
2439,-89.24118182065719,-84.9019600316503,137,1665423
2440,-55.181310396857235,-84.5512765051595,1000,1666423
2441,-65.34163885307395,-85.24824738262785,282,1666705
2442,-5.828362795287092,-83.60948089122861,153,1666858
2443,-175.88827710192177,-85.44503408779799,658,1667516
2444,12.771836628471007,-84.35155271449784,198,1667714
2445,-43.60700840447544,-82.84603846710375,1000,1668714
2446,-67.34781607694809,-83.20568294792545,372,1669086
2447,-90.20325258030375,-83.43598068658464,1000,1670086
2448,-85.46958201662095,-82.50636573725052,1000,1671086
2449,-15.171004002336247,-82.16231095118448,408,1671494
2450,-83.3052424272409,-82.24685803944371,656,1672150
2451,130.05448987102113,-81.70531154038027,551,1672701
2452,-80.8121555135848,-84.80481250985771,292,1672993
2453,-94.85052821876704,-86.18541488325184,1000,1673993
2454,-145.02719404005458,-86.69677719529392,870,1674863
2455,-38.68096054593558,-85.62431190405506,96,1674959
2456,-163.5744775660438,-87.11173824231736,463,1675422
2457,-141.6611031479638,-86.95536221259785,181,1675603
2458,-123.36956005441334,-88.00934254211741,142,1675745
2459,191.43940443842857,-85.71950878621108,565,1676310
2460,226.32043383465492,-83.4839040005242,706,1677016
2461,-46.621679042068536,-83.08793287653818,1000,1678016
2462,55.1671056385772,-82.38013743159817,84,1678100
2463,-4.741389296915756,-81.34805362555905,236,1678336
2464,-140.36119912256692,-81.71200675524867,251,1678587
2465,-53.11559347690641,-81.21956947254186,100,1678687
2466,-315.0967580553654,-84.43662344205315,152,1678839
2467,-63.34541720674413,-77.77165352085603,210,1679049
2468,-10.115522543651437,-76.52744416929036,181,1679230
2469,-103.40867325737271,-76.50130129307124,1000,1680230
2470,75.92632032643805,-74.53391430848957,779,1681009
2471,-605.2965124376077,-80.78871149256193,80,1681089
2472,-148.81376636124736,-81.9894984172312,689,1681778
2473,248.33433620622654,-78.80957092515888,319,1682097
2474,220.19997203094644,-76.53193005674706,509,1682606
2475,-140.72813973505603,-77.28203837487047,480,1683086
2476,-60.89618280845695,-76.34394684791248,549,1683635
2477,-309.1554045785418,-77.25867800351745,570,1684205
2478,26.04155033305446,-76.03255508629273,148,1684353
2479,12.44015313350161,-75.75082273077425,138,1684491
2480,-25.110917516993013,-74.68359855196803,105,1684596
2481,-36.4868015126345,-74.36803619286678,296,1684892
2482,228.57028337484508,-71.09735994119133,173,1685065
2483,-154.79685229297925,-71.03719977333513,381,1685446
2484,-3.012928047966483,-69.69818654478512,111,1685557
2485,-15.146618420728757,-68.67948367276188,207,1685764
2486,-157.4538014423945,-69.57963720969317,397,1686161
2487,-122.54314287732929,-69.7394694292443,201,1686362
2488,151.51549081082766,-66.68308739707555,479,1686841
2489,-133.73468833041954,-66.69674550949198,129,1686970
2490,-92.41429996721902,-65.83364707267607,154,1687124
2491,-133.31934475464791,-66.47796690154871,207,1687331
2492,-130.2312616254694,-66.4529484045338,161,1687492
2493,-638.4516108981866,-70.97764587323304,98,1687590
2494,-97.60205903871129,-71.33580713826238,1000,1688590
2495,-336.8388874551997,-74.27906859597641,282,1688872
2496,-142.63571111472697,-76.56027624578513,227,1689099
2497,197.70756619687887,-73.46485383423732,417,1689516
2498,-99.78560475454094,-74.95392794478003,293,1689809
2499,-284.90787584420207,-77.14449905423568,615,1690424
2500,-117.10781657341775,-77.11123734252011,592,1691016
2501,-45.95926602033735,-76.7019531821217,1000,1692016
2502,-33.3024360356592,-76.47741867624099,176,1692192
2503,-83.72535565785003,-76.89225276127905,370,1692562
2504,-68.53417035584681,-79.64682158705482,119,1692681
2505,-115.02754857836958,-80.43347132058987,162,1692843
2506,-114.66263225302193,-80.74527686209974,158,1693001
2507,-236.36902136487925,-84.844571137059,588,1693589
2508,-30.523552234784386,-84.39014106078704,1000,1694589
2509,-128.47735874411808,-84.58837889459588,1000,1695589
2510,-196.16419149542713,-85.03028889758868,799,1696388
2511,-167.87402261524397,-86.83144690184794,542,1696930
2512,-120.95933368581152,-87.85279014327378,256,1697186
2513,-122.52361701016419,-87.73752545002976,457,1697643
2514,-22.34347613735129,-86.33638362752586,1000,1698643
2515,-94.24696071886933,-86.7462171811748,223,1698866
2516,126.31376860953803,-84.7824288150654,592,1699458
2517,-41.08333107315326,-84.31147841620052,137,1699595
2518,-10.597729812806463,-83.2548536197698,134,1699729
2519,-195.67331624685485,-83.30746479977859,278,1700007
2520,-119.62071415094555,-84.18808631166706,1000,1701007
2521,-178.15588154212054,-84.15153152370787,389,1701396
2522,-137.31038978956457,-83.87598135652046,327,1701723
2523,-54.00394445706124,-83.87888887124602,127,1701850
2524,-24.972719043010613,-82.74507708819762,139,1701989
2525,-100.52187070246207,-82.77986511181697,179,1702168
2526,-104.17323873763748,-81.46622177270831,758,1702926
2527,-193.79236803624997,-82.17073629033344,390,1703316
2528,160.7389123626384,-80.03036663763889,568,1703884
2529,156.2234675935035,-78.4640585012633,359,1704243
2530,-65.47108740469325,-78.55968016150523,1000,1705243
2531,-221.3638028545748,-78.2031554192539,895,1706138
2532,-35.209869429374365,-77.82796994713222,94,1706232
2533,-126.94634680395444,-77.18722190610966,181,1706413
2534,-145.77620878387435,-77.97896792745468,451,1706864
2535,225.2170103842151,-74.39124838871398,373,1707237
2536,288.10699102105735,-70.22506264138059,247,1707484
2537,-59.35617924856221,-70.33827317610577,415,1707899
2538,-17.877519608483865,-69.67347483791046,237,1708136
2539,-96.08284392442626,-69.74189145894816,573,1708709
2540,77.50684590735861,-68.415009895906,184,1708893
2541,-130.16132911070306,-69.0632067984823,127,1709020
2542,-102.73476085966678,-70.0322707791261,87,1709107
2543,279.2722214851223,-65.48066579325567,248,1709355
2544,-11.57614938610897,-65.72414565340145,1000,1710355
2545,-132.08951497728967,-66.6089707191296,396,1710751
2546,-175.54927925208383,-67.69098535088095,714,1711465
2547,-123.17492219004276,-68.02070204697834,121,1711586
2548,-153.1112729760394,-68.69711895657252,467,1712053
2549,248.39723157784329,-66.06143660077073,321,1712374
2550,-42.188920026375015,-65.65027337676207,291,1712665
2551,223.46265902831334,-64.71619168518916,366,1713031
2552,-53.07789068469867,-64.4388490369003,250,1713281
2553,44.50562080258181,-63.04528754668681,1000,1714281
2554,-23.090664799248074,-61.82592225427874,77,1714358
2555,-115.10057772968172,-62.5901184261162,126,1714484
2556,-131.2668468311784,-62.26704211876754,546,1715030
2557,-80.04635951894595,-61.650894682477364,203,1715233
2558,-122.36818467619895,-61.640880928695225,70,1715303
2559,-44.86427936237104,-64.00391776670322,216,1715519
2560,-68.04625110003057,-66.94758461605007,100,1715619
2561,-37.1599818063395,-66.85296764369279,115,1715734
2562,-13.311111164973227,-67.53774981172828,74,1715808
2563,-75.6005340188039,-68.24634125894717,142,1715950
2564,-105.98686293315804,-67.90259789705307,87,1716037
2565,-73.58545080935036,-68.10729647037752,120,1716157
2566,-134.35111306586063,-66.29984002048246,181,1716338
2567,-108.77710562399182,-66.75415690465495,379,1716717
2568,-93.03728600184095,-67.58337453923684,523,1717240
2569,-49.69964488905957,-67.04628425555372,87,1717327
2570,-230.58032424096677,-70.11135070122775,331,1717658
2571,-55.194569305784924,-64.61033126990952,219,1717877
2572,-126.9183607650652,-64.39137721394769,152,1718029
2573,-98.155765942455,-67.85627823543452,294,1718323
2574,-63.027472297779866,-70.68855267872178,97,1718420
2575,-184.0440474113104,-71.12171175548433,809,1719229
2576,-93.52665138893875,-71.44801644128917,243,1719472
2577,-221.46606166513232,-70.57112301215507,865,1720337
2578,-484.94937545064147,-75.68103226999202,203,1720540
2579,-52.8582499078518,-76.33401630040555,174,1720714
2580,-114.41334632905543,-77.22704058852618,218,1720932
2581,176.6577408462029,-75.0955951649378,383,1721315
2582,-20.79405197636366,-77.58923851844989,123,1721438
2583,-85.38662402462352,-76.89513623576633,210,1721648
2584,-182.5361429147758,-78.69036838443442,152,1721800
2585,191.20478777040648,-76.62685432252307,346,1722146
2586,-123.52683470890142,-76.28758465518814,272,1722418
2587,-195.60182429058761,-77.01817146932073,927,1723345
2588,-163.73244256608723,-80.17065080308987,158,1723503
2589,148.17255208767648,-77.35157839890891,489,1723992
2590,-147.64461021963788,-77.90388150143309,227,1724219
2591,-87.88283466054719,-77.44951640049209,152,1724371
2592,-169.66498678382192,-77.84385365207562,696,1725067
2593,-112.86444897760136,-72.58798203286977,83,1725150
2594,-111.13295746295566,-72.7232910171122,137,1725287
2595,168.25799790261516,-67.67232216353406,418,1725705
2596,184.96736906923093,-64.39629136169448,365,1726070
2597,-114.1581839499016,-67.51494886316227,92,1726162
2598,-34.74054679222293,-66.8644982835391,88,1726250
2599,12.806306195786284,-63.88735646313922,1000,1727250
2600,-281.92629486885926,-65.53554124609363,994,1728244
2601,-90.51311438758965,-65.98107972976615,267,1728511
2602,-131.171252566544,-66.959767895075,188,1728699
2603,-67.05639717721733,-66.79307831026868,138,1728837
2604,-113.52672428234189,-67.24300384953364,119,1728956
2605,-141.77501033878627,-67.5104784671378,150,1729106
2606,-151.13246601051628,-67.87517680471274,263,1729369
2607,-75.77347363574064,-66.26922132742136,221,1729590
2608,206.23459067159905,-63.90163989835752,661,1730251
2609,-62.399379072943944,-63.24086010164578,82,1730333
2610,-15.644127073094793,-61.43565945742245,136,1730469
2611,-70.75758571856306,-60.46449508845565,1000,1731469
2612,-106.08372670971406,-60.315739018694664,92,1731561
2613,-162.85624644235273,-60.719065313016564,98,1731659
2614,-43.746837259002454,-60.93309892423308,326,1731985
2615,-172.23651077890912,-61.71299442483349,125,1732110
2616,-222.0030773474763,-65.19616288440362,85,1732195
2617,-71.14542145928125,-65.4967837882649,86,1732281
2618,-128.07809980108738,-66.67158748814772,187,1732468
2619,-66.64199853873939,-65.38127431106655,294,1732762
2620,-182.56768316048698,-66.01074400116197,249,1733011
2621,-74.86004387859387,-64.9777856245267,75,1733086
2622,-30.67875149447464,-63.911469241575794,106,1733192
2623,-170.50732481408795,-65.07650304514607,304,1733496
2624,102.07585884769212,-63.80601726623904,938,1734434
2625,-110.16292463131674,-63.90242780552759,149,1734583
2626,-101.58045346153823,-63.876499952766586,106,1734689
2627,-137.89308116604354,-63.31750708406453,124,1734813
2628,-203.63660004770585,-66.96126220816797,75,1734888
2629,-165.87427919634837,-70.18223967606649,939,1735827
2630,-128.64388449838123,-70.81396764700338,141,1735968
2631,-133.90841356987286,-69.93941375415635,141,1736109
2632,-21.20420856664292,-69.79935714552904,92,1736201
2633,-184.01727433416983,-70.37006642083118,616,1736817
2634,-102.64466137415859,-69.93875094673403,216,1737033
2635,-93.37441380185169,-73.12466518859469,467,1737500
2636,18.99767654433927,-75.81575833336188,173,1737673
2637,-56.20054435334576,-75.7842019844097,77,1737750
2638,6.354733213759118,-75.54187945618729,187,1737937
2639,-83.63770076047095,-75.41742802454773,211,1738148
2640,-25.93893311378561,-76.45188581475915,106,1738254
2641,177.57456597317872,-73.37452686392035,448,1738702
2642,-162.76907803191693,-73.97487003564287,115,1738817
2643,-96.06936175751368,-77.72828586806922,482,1739299
2644,-131.72376208958354,-78.92976199510396,134,1739433
2645,21.360597075793933,-77.39526087457313,119,1739552
2646,-79.22204115871767,-76.43198849363948,208,1739760
2647,-32.59334562990068,-75.52617272803805,227,1739987
2648,-131.5184653878823,-75.31024465215647,115,1740102
2649,-74.58274300758745,-78.54004439801078,122,1740224
2650,-116.00895733870345,-79.27824477113407,120,1740344
2651,-142.73602986481464,-82.94023166006535,269,1740613
2652,-133.90831647579347,-83.7485359179763,135,1740748
2653,-85.93737347069154,-85.05296586070902,89,1740837
2654,-109.2942817033825,-85.91500202975038,203,1741040
2655,-124.0210131152879,-86.00420638360642,726,1741766
2656,-104.4117090857512,-85.73565500615214,238,1742004
2657,-143.8410699122673,-86.37360211008536,101,1742105
2658,-183.26525612997114,-86.98257282462309,61,1742166
2659,-0.7448193745502891,-86.54137822474486,92,1742258
2660,-97.45073436385407,-86.83542305738311,81,1742339
2661,-106.5660921280463,-87.52948416060019,72,1742411
2662,-198.98825719160874,-89.38625562086656,70,1742481
2663,-165.0805314120929,-90.28105559479945,112,1742593
2664,-930.9099676045337,-98.53028664151321,82,1742675
2665,1.7422288834483624,-97.77700984458522,77,1742752
2666,-167.45352525167698,-98.10803396644336,365,1743117
2667,-10.143961600143996,-97.12170252620488,292,1743409
2668,-65.92157992530927,-96.85054546543957,84,1743493
2669,-28.95501399749584,-96.64309915652395,115,1743608
2670,-23.586318400602508,-94.5731590981203,258,1743866
2671,-67.47270044699513,-94.6959404095324,103,1743969
2672,-96.611606473085,-94.39287286661259,136,1744105
2673,-86.99393195158999,-94.28125452670396,98,1744203
2674,-80.3946411268329,-94.4549262149945,97,1744300
2675,-51.601870878870194,-93.1305044496701,103,1744403
2676,-157.99905306598572,-93.77522846644055,68,1744471
2677,-98.65122182857291,-92.54708006807498,254,1744725
2678,-105.65074626642547,-88.75409377623278,108,1744833
2679,-106.97991522072749,-89.29531042936152,84,1744917
2680,-153.008202202366,-89.68125898809465,98,1745015
2681,-119.22594866570734,-92.64009588321375,69,1745084
2682,22.3656852771515,-92.2084985106786,116,1745200
2683,17.817531584917717,-91.17645695458317,107,1745307
2684,-115.45712487293302,-90.50566677416475,189,1745496
2685,-137.7120064238049,-93.79483471610688,114,1745610
2686,-16.516130747417606,-92.72472767649202,109,1745719
2687,-184.8052183970313,-92.61676161755648,91,1745810
2688,-78.3855186991131,-91.76329237888673,122,1745932
2689,-116.62400045231378,-94.41125790428663,154,1746086
2690,-22.494154335981733,-93.15975334545008,102,1746188
2691,27.228963027346538,-92.00863536857113,123,1746311
2692,-21.21516174089455,-90.52413711814188,1000,1747311
2693,-34.77443686978071,-89.74323699706366,1000,1748311
2694,-112.58993029639032,-89.757806725398,193,1748504
2695,-162.5554846964572,-93.06594155138872,604,1749108
2696,-123.98774619301629,-96.15549270401118,616,1749724
2697,-191.36060321468395,-96.927516896659,94,1749818
2698,-55.74843555373826,-97.13759578427417,260,1750078
2699,6.25218107105529,-97.20313703552146,97,1750175
2700,-262.2253769915086,-97.00612785674797,98,1750273
2701,-126.63398420169449,-97.36733655488902,109,1750382
2702,-65.7579415378019,-96.7132034446016,257,1750639
2703,-23.251836562517425,-96.27515783845463,285,1750924
2704,-126.2636599545456,-96.40252719517666,196,1751120
2705,-207.54292876122096,-97.06020637940101,82,1751202
2706,-133.88869630672366,-96.88776868236307,85,1751287
2707,-216.19220107149906,-98.29195595672064,255,1751542
2708,-91.90286771858027,-101.27333054062242,272,1751814
2709,-122.38454298582022,-101.8731821797512,142,1751956
2710,-194.78883636374826,-103.66462927265775,223,1752179
2711,171.6906945760869,-101.24014646971125,338,1752517
2712,-185.93627172008055,-102.03867191981492,109,1752626
2713,-144.71060616896983,-101.85721551708107,290,1752916
2714,-243.7314163280248,-103.85706130777129,879,1753795
2715,195.58020180861894,-100.178894181896,199,1753994
2716,-46.72745216661248,-98.42613793008739,176,1754170
2717,-142.83594026176968,-99.14304311811227,213,1754383
2718,-32.53455646381104,-98.1876076847395,139,1754522
2719,-259.2382365306869,-100.113570064659,94,1754616
2720,-69.62854489560524,-98.98417868201018,301,1754917
2721,-49.58920832350073,-98.73147032645926,117,1755034
2722,-132.40680611639186,-99.74875087267843,429,1755463
2723,-213.46166011588952,-100.17829422569643,101,1755564
2724,-205.42904392930018,-103.25334325346634,61,1755625
2725,-115.89953798221083,-103.31070938697526,57,1755682
2726,-135.00259068352509,-103.64493075919513,263,1755945
2727,-153.73494662185564,-103.80334941375325,173,1756118
2728,-125.6356359647991,-103.02333977292419,178,1756296
2729,-17.43857707082367,-101.53898275166895,214,1756510
2730,-61.789474662790155,-100.87043865331303,164,1756674
2731,-18.065432452945657,-99.71200884214379,240,1756914
2732,-185.13477813955117,-101.35131453787285,124,1757038
2733,-140.47013428489524,-100.91584313738011,86,1757124
2734,-111.68949205874159,-101.00629144422594,152,1757276
2735,-123.31031266707221,-101.30565043287815,132,1757408
2736,43.74561264104247,-101.0581710719111,91,1757499
2737,-82.82632658447704,-101.32442889422244,128,1757627
2738,-254.63069030726217,-103.93428312943264,87,1757714
2739,-99.89245149763093,-104.09683063680424,211,1757925
2740,-352.91145789377487,-107.36655588460411,113,1758038
2741,201.72835381016398,-107.12501800623427,457,1758495
2742,-78.4729379345095,-106.28205660526021,83,1758578
2743,-149.093876418487,-106.81230175186992,117,1758695
2744,-103.16379046782092,-106.5267020356523,192,1758887
2745,-163.60017679636806,-108.37630977437394,153,1759040
2746,-25.457414816997684,-107.83866351095674,233,1759273
2747,-94.23146868691768,-108.45504474152689,417,1759690
2748,-69.05448923221192,-107.83040497997021,226,1759916
2749,-155.31947559319295,-108.63777230582626,449,1760365
2750,-71.00241980722528,-108.18770693051148,107,1760472
2751,-92.77154986486705,-107.68806213051201,151,1760623
2752,-101.90094384400037,-107.36798840419408,126,1760749
2753,221.99034646616022,-104.28871120482556,223,1760972
2754,-36.973420181232754,-103.56550258960405,256,1761228
2755,-95.89309418441613,-103.28422340029535,195,1761423
2756,-143.97538448615782,-103.6798601542994,199,1761622
2757,-47.590909397332766,-102.71735854915006,92,1761714
2758,-51.24515525779181,-101.39715754042825,1000,1762714
2759,-37.08880199142904,-101.76059736659705,61,1762775
2760,-48.89893291592762,-101.27507935211779,103,1762878
2761,-32.039999039535914,-100.52981842123269,307,1763185
2762,-110.67055722698058,-99.6466414215864,265,1763450
2763,-92.28236567643178,-98.9186597642298,810,1764260
2764,-75.24333756244411,-90.3619934638089,90,1764350
2765,241.68949494539453,-87.96252080318943,295,1764645
2766,-118.797156789316,-87.47595711856582,150,1764795
2767,-428.57139377463557,-91.66023144031072,164,1764959
2768,-190.04297163592412,-92.90144535741689,240,1765199
2769,-26.726909674023346,-92.87916431418218,94,1765293
2770,279.3227921996067,-89.85007320818008,150,1765443
2771,157.61170942333075,-87.59922910947684,689,1766132
2772,-133.1772137748507,-87.96488518249447,211,1766343
2773,-94.57768020286902,-88.04072266500727,158,1766501
2774,-136.42091376442363,-88.60098539138316,149,1766650
2775,-67.45933646571235,-88.75956004725158,170,1766820
2776,-41.950320188507916,-87.59907271847678,132,1766952
2777,-493.93082720517566,-91.55186877224281,221,1767173
2778,-98.69633374665304,-91.4823246470451,296,1767469
2779,-91.55399485914813,-91.32806544342931,437,1767906
2780,9.298387372238395,-89.70499954768327,84,1767990
2781,265.7195373037159,-85.85554468798904,158,1768148
2782,-149.6678221705945,-87.5758797624665,193,1768341
2783,-341.09162211000273,-91.16497129941573,166,1768507
2784,-122.81825117506403,-91.23858256243702,201,1768708
2785,-13.250295749443012,-89.99396545569341,1000,1769708
2786,-123.00580477479156,-91.05886219596714,252,1769960
2787,-116.65685923506592,-90.37737860434748,1000,1770960
2788,-30.83895618398269,-89.90191297919618,108,1771068
2789,-203.15280479428444,-90.76720102261588,939,1772007
2790,178.33866490178525,-88.75887283023822,439,1772446
2791,202.59189228187103,-87.00524353769299,305,1772751
2792,-24.932700045918978,-87.04241892074322,104,1772855
2793,-127.77893457665759,-87.97246389781198,199,1773054
2794,-15.29039940543639,-86.99946858890243,322,1773376
2795,-156.67798303958534,-86.94069357233373,140,1773516
2796,246.36290120850177,-83.23718709831851,199,1773715
2797,-97.94582727285105,-82.30303933890022,293,1774008
2798,127.5485079300838,-80.47006990406199,961,1774969
2799,-56.442698301800725,-81.09701869779056,124,1775093
2800,-198.67436207999395,-80.46150854867543,1000,1776093
