episode,score,average_score,steps,total_steps
0,-116.63791889612094,-116.63791889612094,95,95
1,-59.820391506171006,-88.22915520114597,68,163
2,-326.2503818432707,-167.56956408185422,162,325
3,-246.40965475537422,-187.27958675023422,115,440
4,-255.92069277317347,-201.00780795482206,103,543
5,-381.15959557756804,-231.0331058919464,112,655
6,-90.58720187123825,-210.9694053175595,295,950
7,-338.184092605973,-226.8712412286112,198,1148
8,-287.6182305778757,-233.62090671186283,212,1360
9,-393.8398327474306,-249.6427993154196,174,1534
10,-112.02765935988974,-237.13233204673506,119,1653
11,-324.9611385579781,-244.4513992560053,158,1811
12,-256.34204478945514,-245.36606429703988,188,1999
13,-417.62129988429194,-257.67000969612934,350,2349
14,-184.6981816810151,-252.80522116178838,228,2577
15,-450.26891138348054,-265.14670180064417,479,3056
16,-329.1901556313874,-268.9139637906879,353,3409
17,-180.8453601874269,-264.02126359050675,204,3613
18,-78.87627586758524,-254.27679055245824,143,3756
19,-103.77733566621602,-246.75181780814614,123,3879
20,-144.45036699581814,-241.88032015041625,261,4140
21,-297.91684721883814,-244.4274350171627,349,4489
22,-266.92434928126545,-245.40556172429763,280,4769
23,-82.04617503120676,-238.59892061208544,362,5131
24,-103.20918563021853,-233.18333121281077,244,5375
25,-120.84529272693649,-228.8626374248925,278,5653
26,-306.8733653454068,-231.75192364417083,209,5862
27,-255.11652265970443,-232.5863736090113,240,6102
28,-304.97392132761627,-235.0824959441356,228,6330
29,-342.52443879846425,-238.66389403927988,281,6611
30,-115.67197531349171,-234.69641279006092,175,6786
31,-89.95276596434033,-230.17317382675716,122,6908
32,-341.7778511326696,-233.55513374511816,172,7080
33,-224.925876397589,-233.3013320584261,281,7361
34,-342.56505399654486,-236.4231526852295,359,7720
35,-170.9512772389127,-234.60448947838736,364,8084
36,-47.10460357304994,-229.53692499445935,264,8348
37,-24.313137247247838,-224.13629900111167,217,8565
38,-69.43309466927545,-220.16955017209023,247,8812
39,-131.54691503021303,-217.95398429354327,226,9038
40,-245.3046595451355,-218.621073933826,276,9314
41,-80.2560240550838,-215.32666798433215,305,9619
42,-289.66586385472715,-217.05548649294596,301,9920
43,-143.8898178844343,-215.39263038820707,257,10177
44,-253.21574062562922,-216.23314394903863,363,10540
45,-222.85054111055297,-216.37700040907154,85,10625
46,-76.9915662626509,-213.41135287404134,309,10934
47,-193.6543519068177,-212.99974868722424,362,11296
48,-161.15523127078228,-211.94169731137848,209,11505
49,-0.7332428237180011,-207.7175282216253,70,11575
50,190.35713995101275,-199.9121425711814,447,12022
51,-77.68188707975172,-197.56156073480776,121,12143
52,-50.534141954443605,-194.78745849366882,215,12358
53,153.4729534949629,-188.33819160499047,423,12781
54,-203.35732568675303,-188.61126677011345,325,13106
55,-79.29248857292819,-186.65914573087792,331,13437
56,-137.6547372729898,-185.79941926670443,226,13663
57,-100.22372664717074,-184.32397629050558,266,13929
58,-209.81726315049553,-184.756065898302,344,14273
59,-203.32043172009543,-185.0654719953319,354,14627
60,-152.75643065295952,-184.5358155798832,209,14836
61,-93.45502043320568,-183.06677049687227,230,15066
62,-208.10634607186128,-183.46422407742767,288,15354
63,-7.18280762844644,-180.70982694541232,275,15629
64,-124.01446359604,-179.83759058619123,401,16030
65,-119.0554384488002,-178.91664888713984,117,16147
66,-250.83609637739477,-179.99007347654663,380,16527
67,-154.63237732207773,-179.61716618015737,188,16715
68,8.534691623286022,-176.89032766126687,266,16981
69,-115.706450915058,-176.0162722791782,272,17253
70,-34.69940482972768,-174.02589386439718,244,17497
71,-282.8500057344756,-175.53733986259275,237,17734
72,-133.67859814052622,-174.96393244174251,403,18137
73,-332.1552808902008,-177.0881398532082,198,18335
74,-52.267582141859144,-175.4238657503902,446,18781
75,-25.570970613008598,-173.4521171301615,287,19068
76,2.7944128130780257,-171.16320115687267,309,19377
77,-81.84525230338392,-170.01809924849462,292,19669
78,-157.79971489319868,-169.86343615538962,178,19847
79,-178.68950035387132,-169.97376195787058,124,19971
80,-277.59945392246175,-171.302474204347,529,20500
81,-163.4037644029015,-171.20614847506107,114,20614
82,-35.26751213740495,-169.56833357942668,194,20808
83,-13.620845895967435,-167.7118158689093,276,21084
84,206.83503679355178,-163.30538230817447,592,21676
85,-115.71674192746275,-162.75202602467783,335,22011
86,-217.7159705719228,-163.38379550223237,240,22251
87,-32.91537683635593,-161.9011998355747,565,22816
88,-312.7084235332876,-163.59566302318945,678,23494
89,-105.03477315694258,-162.94498646912,405,23899
90,-217.894348871286,-163.54882561639658,774,24673
91,-86.61779982812541,-162.71261881435015,559,25232
92,-67.45333709105947,-161.6883254624868,86,25318
93,-209.52100185388906,-162.19718372196982,482,25800
94,-48.94955344352303,-161.0051034032493,444,26244
95,146.10742207901228,-157.80601459614243,646,26890
96,-111.71461699824907,-157.33084554874148,419,27309
97,-122.36145127109317,-156.97401499488794,758,28067
98,-307.4989086111069,-158.49446846575884,877,28944
99,-61.01598938286738,-157.51968367492992,312,29256
100,-160.6897689066845,-157.96020217503553,435,29691
101,-358.7429972143764,-160.9494282321176,147,29838
102,-495.00402712932384,-162.63696468497812,280,30118
103,-514.1138195067018,-165.3140063324914,129,30247
104,-126.9026440003353,-164.02382584476302,192,30439
105,-248.126264450723,-162.69349253349455,391,30830
106,-561.6053856588019,-167.4036743713702,264,31094
107,-669.4885347135887,-170.7167187924464,327,31421
108,-531.232925264128,-173.15286573930888,115,31536
109,-24.674467860546343,-169.46121209044006,253,31789
110,-25.73971186938749,-168.59833261553504,310,32099
111,-418.50988242348654,-169.53382005419016,285,32384
112,-177.47792048486937,-168.74517881114429,282,32666
113,-115.80420614890888,-165.72700787379043,915,33581
114,-279.8926422052024,-166.67895247903232,539,34120
115,-281.7759936225543,-164.99402330142303,424,34544
116,-497.9852336010746,-166.68197408111988,169,34713
117,95.59677178392558,-163.91755276140637,897,35610
118,-95.49636217151269,-164.08375362444565,1000,36610
119,-70.57066433264393,-163.75168691110994,179,36789
120,-150.50628403343683,-163.81224608148614,82,36871
121,-173.6593402615132,-162.56967101191287,1000,37871
122,2.5612499838631066,-159.87481501926158,271,38142
123,-61.96451937986985,-159.67399846274822,339,38481
124,-290.65062594158974,-161.5484128658619,319,38800
125,-85.24492289619421,-161.1924091675545,129,38929
126,-317.8258450143898,-161.3019339642443,478,39407
127,-329.44755116438694,-162.04524424929113,219,39626
128,3.4310665427069864,-158.96119437058792,203,39829
129,-30.48412979173554,-155.84079128052062,308,40137
130,-36.4880121566311,-155.04895164895203,202,40339
131,-234.02197469739548,-156.48964373628257,345,40684
132,-88.11959440183469,-153.95306116897424,218,40902
133,-120.67649570787745,-152.91056736207713,1000,41902
134,-88.34411165023519,-150.36835793861403,1000,42902
135,-137.11171349434179,-150.0299623011683,1000,43902
136,-117.0552981840926,-150.72946924727873,1000,44902
137,-61.36134145402336,-151.09995128934648,198,45100
138,-143.1178492026607,-151.83679883468034,1000,46100
139,-164.9979596143688,-152.1713092805219,1000,47100
140,-319.83041319189147,-152.9165668169895,170,47270
141,-157.0796949579216,-153.68480352601784,1000,48270
142,-284.7788335557028,-153.63593322302762,392,48662
143,-149.75236937939215,-153.6945587379772,854,49516
144,-249.82967279038297,-153.66069805962474,594,50110
145,-170.619335126169,-153.13838599978087,208,50318
146,-140.09251400786684,-153.76939547723302,1000,51318
147,-57.84493682942834,-152.41130132645912,565,51883
148,-134.98384203534565,-152.14958743410477,1000,52883
149,-125.09459294847626,-153.39320093535235,1000,53883
150,-101.7969866169764,-156.3147422010323,1000,54883
151,-133.82420734804535,-156.8761654037152,1000,55883
152,-65.44076633147256,-157.0252316474855,1000,56883
153,-117.90472494211735,-159.73900843185626,1000,57883
154,-108.7790540719085,-158.79322571570782,1000,58883
155,-105.83731087399667,-159.05867393871853,1000,59883
156,-111.54829234246563,-158.79760948941328,1000,60883
157,-55.59168786119526,-158.35128910155353,570,61453
158,-215.08617062713859,-158.40397817631995,274,61727
159,-124.66558756766034,-157.6174297347956,1000,62727
160,-156.41616152568906,-157.6540270435229,1000,63727
161,-162.39123496053463,-158.34338918879618,273,64000
162,-140.1836696673084,-157.66416242475066,1000,65000
163,-167.47510087209193,-159.2670853571871,1000,66000
164,-114.09447310447982,-159.16788545227152,1000,67000
165,232.3150000775606,-155.6541810670079,539,67539
166,-49.731995924112525,-153.64314006247508,332,67871
167,-149.49481989302336,-153.59176448818454,1000,68871
168,180.06847075205008,-151.87642669689686,756,69627
169,192.34940751893015,-148.79586811255697,507,70134
170,-132.01987474918954,-149.76907281175164,106,70240
171,-98.83241994008563,-147.9288969538077,121,70361
172,-77.7639064827063,-147.36975003722952,1000,71361
173,-155.16646922710453,-145.59986192059856,1000,72361
174,-139.05763796444688,-146.46776247882443,1000,73361
175,-30.569527882467977,-146.51774805151905,1000,74361
176,-132.35443719669632,-147.86923655161675,1000,75361
177,21.611109633996506,-146.83467293224297,308,75669
178,-152.72097068032704,-146.78388549011427,1000,76669
179,-153.76595755669734,-146.53465006214253,1000,77669
180,-125.14623156864971,-145.0101178386044,1000,78669
181,48.37377099069866,-142.89234248466843,307,78976
182,-102.45260983946847,-143.56419346168906,1000,79976
183,-147.38624729168276,-144.90184747564618,1000,80976
184,-147.0807255597536,-148.44100509917925,1000,81976
185,-127.98928602334539,-148.56373054013807,1000,82976
186,-115.87374646450608,-147.5453082990639,1000,83976
187,-156.64734705354246,-148.78262800123576,1000,84976
188,-139.23255495765133,-147.04786931547937,1000,85976
189,-174.93474781132255,-147.7468690620232,944,86920
190,-165.22378452028872,-147.2201634185132,1000,87920
191,-127.360793651303,-147.62759335674502,1000,88920
192,-147.39225364098132,-148.42698252224423,1000,89920
193,-120.76255085072928,-147.53939801221262,1000,90920
194,-45.09969560429715,-147.50089943382036,1000,91920
195,-104.94643698361872,-150.01143802444665,1000,92920
196,-157.2578945069981,-150.46687079953415,1000,93920
197,-106.99800643867697,-150.31323635120998,1000,94920
198,-124.91870634188932,-148.4874343285178,1000,95920
199,-154.52718144715718,-149.4225462491607,1000,96920
200,-493.8020450257715,-152.7536690103516,392,97312
201,272.6550569811809,-146.439688468396,515,97827
202,-86.69812402383477,-142.35662943734116,1000,98827
203,-93.80306347577614,-138.15352187703186,1000,99827
204,-151.43891510569918,-138.3988845880855,1000,100827
205,-96.01764566119114,-136.8777984001902,1000,101827
206,-138.11847935595011,-132.6429293371617,1000,102827
207,-99.8852478544533,-126.94689646857032,1000,103827
208,-99.00738901364222,-122.62464110606548,1000,104827
209,-160.54074918850122,-123.98330391934503,1000,105827
210,-116.05916656074804,-124.88649846625863,1000,106827
211,-143.41182043932793,-122.13551784641703,1000,107827
212,-114.943395821561,-121.51017259978394,1000,108827
213,-147.51661009227828,-121.82729663921764,1000,109827
214,-98.3936335057703,-120.01230655222331,1000,110827
215,-136.661134573834,-118.56115796173611,1000,111827
216,-155.18884186622572,-115.13319404438764,1000,112827
217,-144.29364184495995,-117.5320981806765,1000,113827
218,-151.01030845055288,-118.0872376434669,1000,114827
219,-109.34892239737407,-118.47502022411422,1000,115827
220,-182.80520862194268,-118.79800946999927,1000,116827
221,-119.92607914122821,-118.26067685879642,1000,117827
222,-124.10011730842201,-119.52729053171926,1000,118827
223,-141.68634328790054,-120.32450877079957,1000,119827
224,-121.76623519160569,-118.63566486329974,1000,120827
225,-139.06205544064338,-119.1738361887442,1000,121827
226,-152.55961629916268,-117.52117390159194,1000,122827
227,-65.43900655477736,-114.88108845549583,210,123037
228,-110.48141100260972,-116.02021323094901,1000,124037
229,-111.1383675765304,-116.82675560879696,1000,125037
230,-111.40939202771072,-117.57596940750774,1000,126037
231,-63.638795775618306,-115.87213761828994,1000,127037
232,-147.43962683648436,-116.46533794263645,1000,128037
233,-67.8182550715797,-115.93675553627347,1000,129037
234,-140.42609250497543,-116.4575753448209,1000,130037
235,-76.59701369820415,-115.85242834685951,235,130272
236,-63.763183351971456,-115.3195071985383,192,130464
237,-137.9081661494417,-116.08497544549249,1000,131464
238,-109.81406639270351,-115.75193761739294,1000,132464
239,-114.41068655680454,-115.2460648868173,1000,133464
240,-125.23145011389478,-113.30007525603735,1000,134464
241,-109.4412351015484,-112.8236906574736,428,134892
242,-111.5039683426585,-111.09094200534317,196,135088
243,-151.88606392396488,-111.11227895078888,1000,136088
244,-110.75033394220047,-109.72148556230707,1000,137088
245,-171.86880811266852,-109.73398029217203,782,137870
246,-80.31141335341529,-109.13616928562753,1000,138870
247,-127.21505781566128,-109.82987049548987,1000,139870
248,-103.89999085315834,-109.51903198366799,513,140383
249,-120.69343033501008,-109.47502035753332,1000,141383
250,-178.91768321742447,-110.24622732353782,1000,142383
251,-155.33605858463554,-110.4613458359037,1000,143383
252,-169.7969523786768,-111.50490769637574,1000,144383
253,-123.01445964361302,-111.55600504339071,1000,145383
254,-157.29072939089002,-112.04112179658051,563,145946
255,-206.26833472168983,-113.04543203505746,1000,146946
256,-148.24781266042737,-113.41242723823709,1000,147946
257,-164.9856229948494,-114.50636658957363,1000,148946
258,-168.47626793417922,-114.04026756264402,1000,149946
259,-120.66188872656268,-114.00023057423304,1000,150946
260,-131.4846303785719,-113.75091526276186,1000,151946
261,-163.9700120744077,-113.76670303390061,1000,152946
262,-119.24765293818795,-113.55734286660942,1000,153946
263,-110.21035193984265,-112.9846953772869,1000,154946
264,-138.4653671909851,-113.22840431815195,1000,155946
265,-132.51903850782904,-116.87674470400584,1000,156946
266,-175.15802084110715,-118.13100495317582,994,157940
267,-157.5212132755565,-118.21126888700114,1000,158940
268,-181.87453550460563,-121.83069894956769,782,159722
269,-139.20369173903384,-125.14622994214733,1000,160722
270,-199.9553875816906,-125.82558507047236,1000,161722
271,-183.50856210997617,-126.67234649217126,1000,162722
272,-68.20651304904521,-126.57677255783463,161,162883
273,-116.81333168120207,-126.1932411823756,143,163026
274,-153.71052056738893,-126.33977000840503,1000,164026
275,-158.70117068835597,-127.6210864364639,1000,165026
276,-131.9866571399835,-127.61740863589677,1000,166026
277,-151.45189233263127,-129.34803865556304,1000,167026
278,-105.19355483828035,-128.87276449714258,1000,168026
279,192.27111389557842,-125.4123937826198,475,168501
280,-180.55281784472123,-125.96645964538055,1000,169501
281,-130.3302555918087,-127.75349991120562,1000,170501
282,-173.04099051145937,-128.45938371792553,189,170690
283,-156.3976570935062,-128.54949781594377,1000,171690
284,-153.0071227217126,-128.60876178756334,1000,172690
285,-130.0589218844069,-128.62945814617396,1000,173690
286,-149.19394870763236,-128.96266016860523,1000,174690
287,-125.4396439909363,-128.65058313797914,1000,175690
288,-131.1583034333946,-128.5698406227366,1000,176690
289,-176.49683496133176,-128.58546149423668,1000,177690
290,-138.55282957399945,-128.31875194477377,224,177914
291,-150.47117130965083,-128.54985572135726,1000,178914
292,-160.89566982015603,-128.68488988314903,1000,179914
293,-129.54590055579868,-128.77272338019972,1000,180914
294,-146.57479025039194,-129.78747432666069,1000,181914
295,-116.04991971066529,-129.89850915393114,451,182365
296,-89.73978541336206,-129.22332806299477,1000,183365
297,-133.63452759019287,-129.48969327450993,1000,184365
298,-129.96301525713878,-129.5401363636624,1000,185365
299,-300.72436569125176,-131.00210820610337,931,186296
300,-182.81859511973119,-127.89227370704299,439,186735
301,-154.5284720709499,-132.16410899756428,1000,187735
302,-111.17657369547663,-132.4088934942807,1000,188735
303,-119.6989903876738,-132.66785276339968,1000,189735
304,-45.06948412881615,-131.60415845363084,1000,190735
305,-115.6539621338775,-131.80052161835772,1000,191735
306,-166.68691977735898,-132.08620602257182,1000,192735
307,-156.74834201628283,-132.6548369641901,1000,193735
308,-224.96603084396781,-133.91442338249334,732,194467
309,-178.82028623599226,-134.09721875296825,1000,195467
310,-111.4266394678829,-134.05089348203958,1000,196467
311,-149.1801865071937,-134.10857714271825,1000,197467
312,-108.7722950867803,-134.04686613537046,1000,198467
313,-147.9958688930026,-134.0516587233777,1000,199467
314,-111.31363373110965,-134.18085872563108,1000,200467
315,-144.8662246358839,-134.2629096262516,1000,201467
316,-148.48123266280137,-134.19583353421731,1000,202467
317,-145.66153900138414,-134.2095125057816,1000,203467
318,-141.1447239575901,-134.11085666085194,1000,204467
319,-199.91425727024648,-135.01651000958066,695,205162
320,-134.5930112899734,-134.534388036261,1000,206162
321,-153.41638752685213,-134.8692911201172,1000,207162
322,-172.5100430604168,-135.35339037763714,1000,208162
323,-141.94618106558764,-135.35598875541405,1000,209162
324,-146.2535014015538,-135.60086141751353,1000,210162
325,-172.41054307049933,-135.9343462938121,1000,211162
326,-157.70384447817835,-135.98578857560224,1000,212162
327,-155.61711364840386,-136.8875696465385,1000,213162
328,-188.81814788510349,-137.67093701536348,381,213543
329,-168.11383228919163,-138.2406916624901,1000,214543
330,-123.7965324336103,-138.36456306654907,599,215142
331,-209.3833502206262,-139.82200861099915,513,215655
332,-152.28690704885287,-139.87048141312283,1000,216655
333,-158.28937510493552,-140.77519261345637,1000,217655
334,-80.67105207167508,-140.17764220912338,1000,218655
335,-176.76109036528135,-141.17928297579414,1000,219655
336,-133.72448121068794,-141.8788959543813,1000,220655
337,-133.62328390852628,-141.83604713197215,1000,221655
338,-81.3327386125844,-141.55123385417096,188,221843
339,-188.5631471246266,-142.29275845984918,153,221996
340,-45.146302447989484,-141.49190698319012,186,222182
341,-149.74533304293655,-141.894947962604,1000,223182
342,-133.33154964820974,-142.11322377565952,1000,224182
343,-111.90969688802011,-141.71346010530007,1000,225182
344,-146.53863469864885,-142.07134311286455,1000,226182
345,-107.76134108849664,-141.43026844262286,1000,227182
346,-144.60788137057813,-142.07323312279448,1000,228182
347,-105.32899904613804,-141.85437253509926,1000,229182
348,-171.52890749597736,-142.53066170152746,728,229910
349,-136.64439711925633,-142.6901713693699,1000,230910
350,-111.26033691318369,-142.01359790632748,1000,231910
351,-134.8484660154757,-141.80872198063588,1000,232910
352,-93.78282047882955,-141.0485806616374,1000,233910
353,-116.72194315648957,-140.98565549676616,1000,234910
354,-163.8731626415418,-141.0514798292727,815,235725
355,-109.36998681910224,-140.0824963502468,1000,236725
356,-117.42899855072395,-139.77430820914978,1000,237725
357,-214.9755839812904,-140.27420781901418,691,238416
358,-114.5790370362224,-139.7352355100346,1000,239416
359,-181.43125386088457,-140.34292916137784,921,240337
360,-145.7801381909246,-140.4858842395014,1000,241337
361,-137.86789986436506,-140.22486311740096,1000,242337
362,-101.60997344345877,-140.04848632245364,283,242620
363,-190.52744676856491,-140.8516572707409,187,242807
364,-136.24317145471232,-140.82943531337816,1000,243807
365,-71.27309629594635,-140.21697589125935,312,244119
366,-115.6655463123642,-139.6220511459719,1000,245119
367,-139.64263121586816,-139.44326532537502,1000,246119
368,-138.70656451934858,-139.01158561552245,1000,247119
369,-113.246273519539,-138.75201143332748,1000,248119
370,-121.82489694179795,-137.97070652692855,1000,249119
371,-147.7100379537878,-137.6127212853667,1000,250119
372,-96.40245726325267,-137.89468072750876,1000,251119
373,-139.05520405864212,-138.11709945128317,1000,252119
374,-113.10016348343335,-137.71099588044362,1000,253119
375,-110.98676920405329,-137.2338518656006,1000,254119
376,-138.12556873553822,-137.29524098155613,1000,255119
377,-159.713416413733,-137.37785622236714,1000,256119
378,-144.6747096976768,-137.7726677709611,1000,257119
379,-228.20059667655647,-141.97738487668244,893,258012
380,-107.09264896979936,-141.24278318793324,1000,259012
381,-111.69770449925444,-141.0564576770077,1000,260012
382,-129.42144851337235,-140.62026225702684,1000,261012
383,-44.402189127290946,-139.50030757736468,158,261170
384,-111.69422257529966,-139.08717857590054,1000,262170
385,-144.00742663827626,-139.22666362343926,1000,263170
386,-129.0552401915333,-139.02527653827826,1000,264170
387,-148.77864130021914,-139.25866651137108,1000,265170
388,-127.5307067477212,-139.22239054451435,1000,266170
389,-145.3465933170374,-138.9108881280714,1000,267170
390,-115.83951936182278,-138.68375502594964,1000,268170
391,-127.64451562482007,-138.4554884691013,1000,269170
392,-112.80224943304407,-137.97455426523018,1000,270170
393,-165.07669382239723,-138.32986219789618,1000,271170
394,-205.20901989531177,-138.91620449434538,114,271284
395,-101.27857756304405,-138.76849107286915,1000,272284
396,-109.86889069585804,-138.9697821256941,1000,273284
397,-130.35096188508763,-138.9369464686431,1000,274284
398,-130.24350893405952,-138.93975140541227,1000,275284
399,-145.8530039675137,-137.3910377881749,1000,276284
400,-178.86398648344655,-137.35149170181205,1000,277284
401,-166.39325814415218,-137.47013956254406,1000,278284
402,-160.0002527563072,-137.95837635315237,1000,279284
403,-112.64646142484368,-137.88785106352407,151,279435
404,-92.43930755340746,-138.36154929777,255,279690
405,-159.41482500455692,-138.7991579264768,1000,280690
406,-115.70185619245498,-138.28930729062776,1000,281690
407,-109.45874380270901,-137.816411308492,1000,282690
408,-98.49192520570712,-136.5516702521094,1000,283690
409,-98.80813820595131,-135.75154877180898,179,283869
410,-200.1955780584588,-136.63923815771477,148,284017
411,-61.84679855860625,-135.76590427822893,1000,285017
412,-128.00042394662955,-135.95818556682738,1000,286017
413,-103.38338925963285,-135.51206077049366,366,286383
414,-109.72256611586563,-135.49615009434123,1000,287383
415,-71.67743667774033,-134.7642622147598,1000,288383
416,-147.35400237695478,-134.75298991190132,1000,289383
417,-134.64424610774827,-134.64281698296497,1000,290383
418,-190.6663574775203,-135.13803331816428,472,290855
419,-145.11150245188048,-134.59000576998062,1000,291855
420,-116.3886369106955,-134.40796202618785,1000,292855
421,-154.62417339146964,-134.420039884834,1000,293855
422,-153.88177748913435,-134.2337572291212,1000,294855
423,-159.46906728503689,-134.40898609131568,1000,295855
424,-84.33725046136989,-133.78982358191388,142,295997
425,-124.75255772388658,-133.31324372844773,1000,296997
426,-120.63438319864251,-132.94254911565238,111,297108
427,-137.32121681179427,-132.75959014728627,1000,298108
428,-156.0230117047184,-132.43163878548242,1000,299108
429,-101.29962502461184,-131.7634967128366,1000,300108
430,-139.69006775104052,-131.9224320660109,1000,301108
431,-115.02963244347617,-130.9788948882394,1000,302108
432,-128.74979255696692,-130.74352374332057,1000,303108
433,-123.8950778342762,-130.39958077061397,1000,304108
434,-102.71712117907757,-130.620041461688,1000,305108
435,-643.2780093780447,-135.28521065181565,86,305194
436,-241.4632019941574,-136.36259785965032,186,305380
437,-184.49592849106756,-136.87132430547572,892,306272
438,-135.96351079984873,-137.4176320273484,1000,307272
439,-104.33882242303915,-136.5753887803325,1000,308272
440,-139.48669811621247,-137.5187927370147,1000,309272
441,-135.5752465336997,-137.37709187192235,1000,310272
442,-118.15509067148153,-137.22532728215506,1000,311272
443,-137.43310467172162,-137.4805613599921,1000,312272
444,-159.97055172595537,-137.61488053026517,1000,313272
445,-80.21179622579446,-137.33938508163814,218,313490
446,-161.33965305988443,-137.5067027985312,1000,314490
447,-113.80075981140395,-137.59142040618386,1000,315490
448,-162.3293240708149,-137.49942457193222,1000,316490
449,-114.41341121831132,-137.27711471292278,1000,317490
450,-137.61937389561393,-137.54070508274708,1000,318490
451,-137.13595389941074,-137.56357996158644,1000,319490
452,-159.03884262306215,-138.21614018302876,1000,320490
453,-162.23292705555255,-138.6712500220194,1000,321490
454,-153.19723937917698,-138.56449078939573,1000,322490
455,-150.6999425941587,-138.9777903471463,1000,323490
456,-139.47007594851812,-139.19820112112427,1000,324490
457,-167.46908742207864,-138.72313615553213,1000,325490
458,-153.00755708038014,-139.1074213559737,556,326046
459,-102.3899235928559,-138.31700805329342,1000,327046
460,-154.58620445262963,-138.4050687159105,1000,328046
461,-139.27067461436164,-138.41909646341045,1000,329046
462,-53.17536326718606,-137.93475036164773,1000,330046
463,-154.77186972808872,-137.57719459124294,1000,331046
464,-266.9673468653739,-138.88443634534957,963,332009
465,-81.6741165935274,-138.98844654832538,1000,333009
466,-111.67779412120335,-138.9485690264138,1000,334009
467,-153.75553237929694,-139.08969803804806,1000,335009
468,-157.4013207954725,-139.2766456008093,1000,336009
469,-143.77800921892197,-139.5819629578031,1000,337009
470,-172.08073681291222,-140.08452135651427,1000,338009
471,-151.17157348949502,-140.11913671187133,266,338275
472,-125.12528861237504,-140.40636502536256,1000,339275
473,-149.29753983312506,-140.5087883831074,1000,340275
474,-108.92844040854848,-140.46707115235856,1000,341275
475,-118.74054940207166,-140.54460895433874,1000,342275
476,-135.14341309400092,-140.51478739792336,1000,343275
477,-112.41321248023014,-140.04178535858833,1000,344275
478,-91.74688685113672,-139.51250713012294,1000,345275
479,-122.10117628348513,-138.45151292619224,1000,346275
480,-146.95245650130516,-138.85011100150726,1000,347275
481,-111.82777306831393,-138.85141168719787,1000,348275
482,-88.84082501538752,-138.44560545221802,1000,349275
483,-130.92793289007892,-139.31086288984588,1000,350275
484,-149.9405354218176,-139.69332601831104,1000,351275
485,-109.31324888780607,-139.34638424080637,1000,352275
486,-51.2704704779542,-138.56853654367058,1000,353275
487,-95.97418115760505,-138.04049194224442,1000,354275
488,-147.7718557419771,-138.242903432187,1000,355275
489,-132.03499758323923,-138.109787474849,1000,356275
490,-147.49717135223378,-138.42636399475316,1000,357275
491,-112.89693297456122,-138.27888816825055,1000,358275
492,-159.3866076463306,-138.7447317503834,1000,359275
493,-130.9306313252974,-138.4032711254124,1000,360275
494,-49.20198110398289,-136.84320073749913,1000,361275
495,-150.3706098170511,-137.3341210600392,522,361797
496,-92.97356371567828,-137.1651677902374,1000,362797
497,-71.67843747488467,-136.57844254613536,1000,363797
498,-136.0162953745437,-136.6361704105402,1000,364797
499,-112.99510512332719,-136.30759142209834,1000,365797
500,-71.31953059541232,-135.232146863218,1000,366797
501,-129.12045665567132,-134.85941884833318,1000,367797
502,-71.0642237069979,-133.9700585578401,1000,368797
503,-299.94825912811507,-135.84307653487284,207,369004
504,-101.12198478147084,-135.92990330715344,1000,370004
505,-149.17538789057068,-135.82750893601357,1000,371004
506,-262.6497341565565,-137.2969877156546,957,371961
507,-137.67803490125553,-137.57918062664007,1000,372961
508,-106.1761345684424,-137.65602272026743,150,373111
509,-79.02754875817197,-137.45821682578963,60,373171
510,-131.61860787008268,-136.77244712390583,1000,374171
511,-128.67566483790785,-137.44073578669887,1000,375171
512,-98.19854987067897,-137.14271704593938,1000,376171
513,-67.7912256246109,-136.78679540958913,1000,377171
514,-110.20223949263641,-136.79159214335687,1000,378171
515,-164.73393633981496,-137.72215713997758,1000,379171
516,-147.1568094635682,-137.72018521084374,1000,380171
517,-147.5359657229889,-137.84910240699617,1000,381171
518,-100.692953844764,-136.9493683706686,1000,382171
519,-126.63769610154063,-136.7646303071652,1000,383171
520,-162.54591224736023,-137.22620306053184,1000,384171
521,-130.9289508613317,-136.98925083523045,1000,385171
522,-142.8466980271283,-136.87890004061038,1000,386171
523,-122.87129111603677,-136.51292227892037,1000,387171
524,-135.08205654973153,-137.020370339804,1000,388171
525,-87.65606627267464,-136.6494054252919,1000,389171
526,-282.71771687402315,-138.2702387620457,81,389252
527,-173.20567243842808,-138.629083318312,411,389663
528,-211.0604127773836,-139.17945732903868,993,390656
529,-128.85368884087504,-139.4549979672013,1000,391656
530,-140.23534891841226,-139.460450778875,1000,392656
531,-99.81645946303898,-139.30831904907066,1000,393656
532,-86.26977916001547,-138.88351891510115,1000,394656
533,-119.53039599139912,-138.83987209667237,552,395208
534,-62.47079695010713,-138.43740885438268,1000,396208
535,-149.62331006412242,-133.50086186124344,1000,397208
536,-121.23332637123208,-132.2985631050142,1000,398208
537,-155.6690865494524,-132.01029468559804,1000,399208
538,-149.29280338059064,-132.14358761140545,138,399346
539,-142.72485790605452,-132.52744796623563,436,399782
540,-183.69892890443361,-132.96957027411784,585,400367
541,-119.78223768160696,-132.81164018559693,1000,401367
542,-123.37628449996785,-132.86385212388177,1000,402367
543,-119.794873008403,-132.6874698072486,130,402497
544,-89.8814543334012,-131.98657883332302,1000,403497
545,-91.88946181112242,-132.1033554891763,1000,404497
546,-112.84543096240607,-131.61841326820152,591,405088
547,-75.8111475795014,-131.2385171458825,1000,406088
548,-69.20325545032853,-130.30725645967766,1000,407088
549,-112.130503153035,-130.28442737902492,1000,408088
550,-86.06965043996537,-129.76893014446838,1000,409088
551,-187.62374052889732,-130.27380801076328,655,409743
552,-253.7981777379224,-131.22140136191186,857,410600
553,-114.83596406159236,-130.74743173197226,226,410826
554,-217.91335956341044,-131.3945929338146,999,411825
555,-102.92682630472731,-130.9168617709203,1000,412825
556,-179.1868323263307,-131.31402933469843,640,413465
557,-88.09965629180408,-130.52033502339566,1000,414465
558,-48.7270584505228,-129.4775300370971,1000,415465
559,-219.34310841174252,-130.64706188528598,893,416358
560,-92.5622496705776,-130.02682233746543,182,416540
561,-75.81582899186573,-129.3922738812405,1000,417540
562,-146.9991152153962,-130.3305114007226,716,418256
563,-115.9110456971658,-129.94190316041337,1000,419256
564,-52.166818150657335,-127.79389787326622,339,419595
565,-149.67357959418706,-128.4738925032728,1000,420595
566,-128.95942381062196,-128.646708800167,1000,421595
567,-124.83081150251432,-128.35746159139913,1000,422595
568,-65.25416545217067,-127.43599003796614,150,422745
569,-131.68103666544067,-127.3150203124313,1000,423745
570,-110.21304671468535,-126.69634341144904,1000,424745
571,-117.74558890299579,-126.36208356558403,1000,425745
572,-84.39750586218811,-125.95480573808216,105,425850
573,-124.95910764035996,-125.7114214161545,1000,426850
574,-141.64344909982344,-126.03857150306725,1000,427850
575,-94.14078723020678,-125.79257388134862,1000,428850
576,-147.0272014208544,-125.91141176461716,666,429516
577,-119.2434478385284,-125.97971411820014,1000,430516
578,-165.77902150772746,-126.72003546476604,1000,431516
579,-128.06448946129765,-126.77966859654418,1000,432516
580,-125.43021695674453,-126.56444620109856,1000,433516
581,-119.73648604854007,-126.64353333090085,1000,434516
582,-176.28561694506138,-127.51798125019758,1000,435516
583,-70.12543199236006,-126.90995624122039,1000,436516
584,-168.5490732764735,-127.09604161976695,1000,437516
585,-137.15134931118558,-127.37442262400073,1000,438516
586,-261.33075478652677,-129.47502546708645,992,439508
587,-189.87017409712075,-130.41398539648162,785,440293
588,-86.31712664925058,-129.79943810555434,208,440501
589,-148.8730508442765,-129.96781863816472,1000,441501
590,-135.90975577245555,-129.85194448236695,1000,442501
591,-341.7956564850551,-132.14093171747191,358,442859
592,-139.25156562216122,-131.9395812972302,616,443475
593,-202.86202414277432,-132.65889522540496,864,444339
594,-63.948354111875204,-132.8063589554839,1000,445339
595,-288.5858659792126,-134.1885115171055,111,445450
596,-235.44726232665332,-135.61324850321526,784,446234
597,-154.06104585039003,-136.4370745869703,1000,447234
598,-152.21369925994128,-136.59904862582428,419,447653
599,-94.85910013325622,-136.4176885759236,1000,448653
600,-164.75179865758383,-137.3520112565453,631,449284
601,-133.3823067768672,-137.39462975775726,518,449802
602,-85.57693665388723,-137.53975688722616,1000,450802
603,-65.66738755173185,-135.1969481714623,1000,451802
604,-225.74331475466238,-136.44316147119423,198,452000
605,-126.13676306144347,-136.21277522290293,1000,453000
606,-85.0410377910732,-134.4366882592481,1000,454000
607,-126.75315624777741,-134.32743947271334,1000,455000
608,-134.63722126978718,-134.6120503397268,1000,456000
609,-115.54363141882816,-134.97721116633338,1000,457000
610,-120.31203573047486,-134.86414544493726,1000,458000
611,-73.56152060937973,-134.31300400265198,264,458264
612,-156.46736264698228,-134.895692130415,1000,459264
613,-123.13593381159582,-135.44913921228488,463,459727
614,-116.44194629923533,-135.51153628035087,1000,460727
615,-82.48315797035328,-134.68902849665625,1000,461727
616,-157.85149770029105,-134.79597537902345,390,462117
617,-117.79232856974438,-134.49853900749102,1000,463117
618,-137.3634778388623,-134.865244247432,1000,464117
619,-153.47337170423776,-135.13360100345898,1000,465117
620,-87.4588661341286,-134.38273054232667,1000,466117
621,-139.37304789372214,-134.46717151265054,1000,467117
622,-181.40045713843048,-134.85270910376357,588,467705
623,-220.08870668017437,-135.82488325940497,835,468540
624,-117.49217130885957,-135.64898440699622,388,468928
625,-246.31776133049604,-137.23560135757444,853,469781
626,-124.32431828844378,-135.65166737171864,1000,470781
627,-100.53886522254274,-134.9249992995598,1000,471781
628,-140.29968554233983,-134.21739202720934,1000,472781
629,-93.26056114768421,-133.86146075027744,1000,473781
630,-36.49927032235836,-132.82409996431693,1000,474781
631,-83.47790275534697,-132.66071439724,1000,475781
632,-178.8124521356355,-133.58614112699618,646,476427
633,-144.76339046603564,-133.83847107174256,1000,477427
634,-132.37488688952502,-134.53751197113672,1000,478427
635,-81.17441452016877,-133.8530230156972,1000,479427
636,-227.3124655434288,-134.91381440741918,839,480266
637,-73.82007168167365,-134.0953242587414,1000,481266
638,-123.70468877319874,-133.83944311266748,246,481512
639,-96.3062489771034,-133.37525702337797,1000,482512
640,-88.69160472241838,-132.42518378155782,1000,483512
641,-127.30661556058415,-132.5004275603476,551,484063
642,-122.43659182862139,-132.49103063363413,1000,485063
643,-58.291279512962674,-131.87599469867973,1000,486063
644,-124.4986634543622,-132.22216678988934,1000,487063
645,-152.9329277982309,-132.8326014497604,1000,488063
646,-147.82837144708367,-133.18243085460716,457,488520
647,-172.6575831809547,-134.1508952106217,956,489476
648,-89.14417844872688,-134.3503044406057,1000,490476
649,-112.55605767151262,-134.35455998579047,1000,491476
650,-174.46075154229044,-135.23847099681373,581,492057
651,-315.6829068474891,-136.51906265999963,150,492207
652,-102.49936407180522,-135.00607452333847,321,492528
653,-187.35555080872882,-135.73127039080984,936,493464
654,-236.07544371496547,-135.9128912323254,835,494299
655,-98.2181240242275,-135.8658042095204,1000,495299
656,-214.18642339444955,-136.21580012020158,993,496292
657,-139.91614245552057,-136.73396498183874,365,496657
658,-238.67342565179476,-138.63342865385144,762,497419
659,-111.84465264916204,-137.55844409622566,336,497755
660,-96.99671599488805,-137.60278875946878,254,498009
661,-166.37764404468703,-138.50840690999698,640,498649
662,-205.9645844326854,-139.09806160216988,761,499410
663,-259.9525420908492,-140.5384765661067,956,500366
664,-136.4834185898738,-141.38164257049888,1000,501366
665,-146.62229161272705,-141.35112969068427,701,502067
666,-46.98618375561234,-140.53139729013415,1000,503067
667,-87.83789561633056,-140.16146813127233,1000,504067
668,-67.92684210591739,-140.18819489780978,1000,505067
669,-110.80057114329377,-139.97939024258835,126,505193
670,-79.94278483637744,-139.67668762380526,147,505340
671,-152.5586468642212,-140.02481820341754,1000,506340
672,-104.12146291630894,-140.22205777395874,368,506708
673,-144.6549394182377,-140.41901609173752,376,507084
674,-151.6800756361115,-140.5193823571004,672,507756
675,-181.317007728923,-141.39114456208756,837,508593
676,-207.94471998397,-142.00031974771872,898,509491
677,-239.34320031054648,-143.2013172724389,969,510460
678,-127.41025612534624,-142.81762961861506,135,510595
679,-239.70561439141534,-143.93404086791625,923,511518
680,-87.14948867611928,-143.55123358511,1000,512518
681,-145.56262718690175,-143.8094949964936,1000,513518
682,-229.62315631467322,-144.34287039018974,857,514375
683,-171.9020244925178,-145.3606363151913,823,515198
684,-174.20383073004052,-145.41718388972697,440,515638
685,-83.13534267356481,-144.87702382335075,1000,516638
686,-114.50021712511399,-143.40871844673663,1000,517638
687,-210.12981341270168,-143.61131483989243,585,518223
688,-176.6639820765646,-144.5147833941656,590,518813
689,-78.65896383364633,-143.81264252405927,1000,519813
690,-191.42016354454603,-144.36774660178017,625,520438
691,-241.89193810941603,-143.3687094180238,917,521355
692,-87.49170864998473,-142.85111084830203,422,521777
693,-150.44741492669388,-142.32696475614122,1000,522777
694,-116.73650300420651,-142.85484624506455,339,523116
695,-101.20210190492682,-140.98100860432166,236,523352
696,-79.37031027553039,-139.42023908381043,291,523643
697,-244.75940262153534,-140.3272226515219,748,524391
698,-95.25982090683372,-139.7576838679908,145,524536
699,-163.1397577248184,-140.44049044390644,180,524716
700,-72.25429226025165,-139.5155153799331,1000,525716
701,-93.71297801294877,-139.11882209229395,1000,526716
702,-156.09002082917166,-139.8239529340468,545,527261
703,-123.23139478240174,-140.39959300635348,1000,528261
704,-84.37312766644902,-138.98589113547135,1000,529261
705,-187.85215712815324,-139.60304507613844,690,529951
706,-107.98818637592852,-139.832516561987,1000,530951
707,-142.85817617678975,-139.99356676127712,1000,531951
708,-84.25265883428841,-139.48972113692213,375,532326
709,-183.12330644301403,-140.16551788716401,716,533042
710,-121.45179660960332,-140.17691549595526,1000,534042
711,-143.9504045554141,-140.88080433541563,143,534185
712,-264.3366717206295,-141.9594974261521,921,535106
713,-185.17291704785293,-142.57986725851467,768,535874
714,-76.53597143182779,-142.18080750984058,1000,536874
715,-114.93436762002696,-142.50531960633734,355,537229
716,-279.26892139560357,-143.71949384329045,858,538087
717,-194.36220228915073,-144.48519258048452,874,538961
718,-264.80377766945134,-145.7595955787904,763,539724
719,-244.82865173824666,-146.67314837913048,977,540701
720,-173.06941980588658,-147.52925391584807,653,541354
721,-146.20277549297415,-147.5975511918406,1000,542354
722,-179.83302182002268,-147.5818768386565,1000,543354
723,-122.48584735929194,-146.60584824544767,1000,544354
724,-187.52896555354332,-147.30621618789453,1000,545354
725,-232.491711389059,-147.16795568848016,978,546332
726,-165.0335811025868,-147.57504831662158,1000,547332
727,-69.09941228161236,-147.26065378721228,1000,548332
728,-127.58584012648232,-147.1335153330537,1000,549332
729,-260.1843540195672,-148.80275326177255,948,550280
730,-115.96140565677915,-149.59737461511676,1000,551280
731,-157.9109695396948,-150.34170528296022,562,551842
732,-202.72071423008714,-150.58078790390474,663,552505
733,-87.58193437037013,-150.00897334294808,1000,553505
734,-113.95779751230853,-149.8248024491759,149,553654
735,-120.09584819419365,-150.2140167859162,1000,554654
736,-179.42161902017344,-149.73510832068362,1000,555654
737,-212.25374930566426,-151.11944509692353,715,556369
738,-62.11028194360838,-150.50350102862765,245,556614
739,-102.8663330497711,-150.5691018693543,216,556830
740,-176.30618046493305,-151.44524762677946,441,557271
741,-135.66696803539648,-151.5288511515276,1000,558271
742,-117.96087257351033,-151.48409395897647,1000,559271
743,-121.39218715945658,-152.1151030354414,1000,560271
744,-106.97676109207585,-151.93988401181852,523,560794
745,-219.99026899105436,-152.61045742374677,821,561615
746,-156.677464768716,-152.69894835696306,1000,562615
747,-107.48420877705752,-152.0472146129241,181,562796
748,-183.66947925261846,-152.99246762096303,1000,563796
749,-141.9085621960129,-153.28599266620805,1000,564796
750,-154.47422174664885,-153.08612736825162,1000,565796
751,-152.51131983218897,-151.4544114980986,1000,566796
752,-70.09253718075684,-151.13034322918813,217,567013
753,-215.76726127962513,-151.4144603338971,789,567802
754,185.83330834137246,-147.1953728133337,426,568228
755,-170.0833154576682,-147.91402472766814,1000,569228
756,-156.04814466411688,-147.33264194036482,330,569558
757,-95.94688703060797,-146.89294938611567,1000,570558
758,-112.29602903430619,-145.6291754199408,1000,571558
759,-75.80834128327278,-145.26881230628192,1000,572558
760,-176.15575599142852,-146.0604027062473,445,573003
761,-78.6882794619211,-145.18350906041965,212,573215
762,-76.88517789029765,-143.89271499499577,1000,574215
763,-102.24930533007132,-142.315682627388,1000,575215
764,-130.95819774853766,-142.26043041897464,155,575370
765,-195.07128534325233,-142.7449203562799,586,575956
766,-148.7071619071474,-143.76213013779522,1000,576956
767,-272.9428416491869,-145.6131795981238,982,577938
768,-156.01645899517217,-146.49407576701634,397,578335
769,-106.16517848228717,-146.44772184040627,1000,579335
770,-207.08010834858635,-147.71909507552837,720,580055
771,-124.12001579008779,-147.43470876478705,310,580365
772,-115.403326391224,-147.5475273995362,1000,581365
773,-94.3069560239827,-147.04404756559362,1000,582365
774,-155.24880042632466,-147.07973481349575,1000,583365
775,-99.34900695641483,-146.26005480577066,184,583549
776,-138.4636268551582,-145.56524387448255,1000,584549
777,-39.073445788364616,-143.56254632926075,227,584776
778,-130.52444903844292,-143.5936882583917,1000,585776
779,-182.49209941931065,-143.02155310867067,463,586239
780,-73.25982821066928,-142.88265650401618,1000,587239
781,-123.58257225783099,-142.66285595472547,1000,588239
782,-100.49301985453198,-141.37155459012405,1000,589239
783,-118.44844384728268,-140.83701878367168,1000,590239
784,-111.08925756573254,-140.2058730520286,1000,591239
785,-191.8647282831317,-141.2931669081243,758,591997
786,-117.49419678995272,-141.32310670477267,256,592253
787,-137.15843321032781,-140.59339290274892,1000,593253
788,-63.088634853063425,-139.45763943051395,86,593339
789,-132.45909121958852,-139.99564070437336,1000,594339
790,-107.33692784549581,-139.15480834738287,1000,595339
791,-124.42309666300518,-137.98011993291874,1000,596339
792,-128.9815957830402,-138.39501880424928,1000,597339
793,-96.88154174959861,-137.85936007247835,1000,598339
794,-209.5256958415046,-138.78725200085134,936,599275
795,-43.54561160207067,-138.21068709782276,1000,600275
796,-122.51854274320382,-138.6421694224995,1000,601275
797,-196.06547881497926,-138.15523018443392,852,602127
798,-218.76620297234433,-139.39029400508903,760,602887
799,-84.43150858724586,-138.6032115137133,163,603050
800,-93.1222517976987,-138.81189110908778,1000,604050
801,-93.79856268080567,-138.81274695576633,321,604371
802,-77.06374629008897,-138.02248421037552,251,604622
803,-72.92709666157667,-137.51944122916726,165,604787
804,-76.93753236965297,-137.4450852761993,209,604996
805,-100.87128865181582,-136.5752765914359,1000,605996
806,-69.81140868910781,-136.19350881456774,1000,606996
807,-123.45759933764789,-135.9995030461763,267,607263
808,-61.541635443334734,-135.77239281226676,1000,608263
809,-163.6473181092756,-135.57763292892938,743,609006
810,-195.08388871008194,-136.31395384993417,840,609846
811,-238.3992928836742,-137.25844273321678,841,610687
812,-132.81050077166964,-135.94318102372716,1000,611687
813,-134.6401115681066,-135.43785296892972,1000,612687
814,-180.1200838552718,-136.47369409316417,558,613245
815,-123.9522574958545,-136.56387299192244,1000,614245
816,-141.62761807814385,-135.18745995874784,1000,615245
817,-152.68925417129537,-134.77073047756926,1000,616245
818,238.74170392129597,-129.7352756616618,304,616549
819,-88.46354997605273,-128.17162464403987,359,616908
820,-88.92317360270462,-127.33016218200807,141,617049
821,-208.1476708755618,-127.94961113583393,742,617791
822,-67.50599926557658,-126.82634091028947,170,617961
823,-95.30941379936239,-126.55457657469019,387,618348
824,-72.59400781887271,-125.40522699734348,181,618529
825,-62.453817074969734,-123.70484805420257,1000,619529
826,-65.65248185363154,-122.711037061713,181,619710
827,-231.29513909538227,-124.33299432985068,992,620702
828,-113.83007729275779,-124.19543670151344,1000,621702
829,-124.90924914587535,-122.84268565277652,1000,622702
830,-210.0084272783921,-123.78315586899267,1000,623702
831,-119.46964344988722,-123.3987426080946,1000,624702
832,-81.9621740633664,-122.19115720642739,1000,625702
833,-61.42829914556989,-121.92962085417938,1000,626702
834,-78.8941862701605,-121.57898474175792,159,626861
835,-107.06391707738061,-121.44866543058978,297,627158
836,-100.4149094108022,-120.65859833449608,1000,628158
837,-96.92415549345517,-119.50530239637399,148,628306
838,-85.37187498863588,-119.73791832682426,249,628555
839,-116.56689425101764,-119.87492393883673,167,628722
840,-121.21471812631152,-119.32400931545052,1000,629722
841,-111.2632319249001,-119.07997195434555,1000,630722
842,-76.47665405504377,-118.66512976916088,1000,631722
843,-119.23592497354491,-118.64356714730177,1000,632722
844,-187.13967994215767,-119.44519633580259,653,633375
845,-105.94059972867629,-118.3046996431788,1000,634375
846,-92.33905641638623,-117.66131555965549,190,634565
847,-119.46691930260224,-117.78114266491093,1000,635565
848,-147.09200525609424,-117.4153679249457,1000,636565
849,-186.0791504129381,-117.85707380711494,762,637327
850,-193.9157408828088,-118.25148899847655,891,638218
851,-108.2525724786233,-117.80890152494088,639,638857
852,-224.57346508920529,-119.35371080402535,912,639769
853,-138.4480226707457,-118.58051841793656,1000,640769
854,-164.8593817395514,-122.08744531874581,1000,641769
855,-74.90168780324201,-121.13562904220154,1000,642769
856,-129.13164645847422,-120.86646406014512,1000,643769
857,-97.47600927444502,-120.88175528258351,382,644151
858,-167.210782820974,-121.43090282045017,691,644842
859,-128.45693495111706,-121.95738875712861,1000,645842
860,-102.7033535953176,-121.22286473316751,1000,646842
861,-92.86508079937313,-121.36463274654201,1000,647842
862,-101.600991589678,-121.61179088353582,1000,648842
863,-201.52257219051685,-122.6045235521403,653,649495
864,-136.72626898071968,-122.6622042644621,490,649985
865,-169.73220613665404,-122.40881347239612,1000,650985
866,-132.2552243669124,-122.24429409699378,1000,651985
867,-69.52089834509533,-120.21007466395287,1000,652985
868,-168.852635226686,-120.338436426268,774,653759
869,-75.13658364930637,-120.02815047793818,195,653954
870,-119.06402823194341,-119.14798967677177,1000,654954
871,-109.29918560128995,-118.99978137488377,1000,655954
872,-83.90619942478021,-118.68481010521937,281,656235
873,-40.74366014354369,-118.14917714641497,1000,657235
874,-76.74776143770626,-117.36416675652879,270,657505
875,-160.19541692402385,-117.97263085620487,1000,658505
876,-149.57880610536688,-118.08378264870694,1000,659505
877,-85.74872532563293,-118.55053544407961,1000,660505
878,-70.44628524475876,-117.9497538061428,221,660726
879,-123.00280842842066,-117.3548608962339,342,661068
880,-163.05153248870602,-118.25277793901427,589,661657
881,-185.61042352849492,-118.8730564517209,881,662538
882,-143.00935119007667,-119.29821976507634,1000,663538
883,-150.62388025451875,-119.6199741291487,1000,664538
884,-117.26365433978556,-119.68171809688924,1000,665538
885,-152.4540057777517,-119.28761087183544,1000,666538
886,-126.62175233955737,-119.3788864273315,1000,667538
887,-135.43883783351416,-119.36169047356333,1000,668538
888,-213.85675074326338,-120.86937163246533,686,669224
889,-149.14877148082525,-121.03626843507769,1000,670224
890,-116.45842546091731,-121.12748341123192,283,670507
891,-137.58469153563598,-121.25909935995821,1000,671507
892,-137.2990033671045,-121.34227343579887,1000,672507
893,-144.79946177454107,-121.8214526360483,1000,673507
894,-183.52267203541734,-121.56142239798743,758,674265
895,-147.67743464565825,-122.6027406284233,526,674791
896,-150.6358424528019,-122.88391362551928,1000,675791
897,-232.05100762530407,-123.24376891362255,799,676590
898,-189.9095320307872,-122.95520220420698,455,677045
899,-187.1181087260274,-123.98206820559479,1000,678045
900,-56.96874467039527,-123.62053313432176,1000,679045
901,-67.23126068606213,-123.35486011437432,320,679365
902,-73.85114205920092,-123.32273407206542,1000,680365
903,-63.515337549000606,-123.22861648093965,183,680548
904,-94.89824221052096,-123.40822357934836,1000,681548
905,-120.54723811165441,-123.60498307394673,1000,682548
906,-138.98080700534032,-124.29667705710906,1000,683548
907,-115.70173129640028,-124.21911837669658,1000,684548
908,-162.49422695133964,-125.22864429177663,1000,685548
909,-125.59821223036505,-124.84815323298753,1000,686548
910,-129.6350963034066,-124.19366530892077,1000,687548
911,-221.3756232356248,-124.02342861244027,960,688508
912,-136.96178813471954,-124.06494148607078,484,688992
913,-103.67852835480701,-123.7553256539378,419,689411
914,-113.43553348649979,-123.08848015025006,1000,690411
915,-143.10702949730006,-123.28002787026452,1000,691411
916,-107.33198361045181,-122.9370715255876,1000,692411
917,-85.33870420869866,-122.26356602596161,254,692665
918,-93.7946376325551,-125.58892944150013,1000,693665
919,-103.12677236934248,-125.73556166543301,1000,694665
920,-118.04260607914901,-126.02675599019747,486,695151
921,-128.50718764700565,-125.23035115791191,1000,696151
922,-145.53571512419606,-126.01064831649813,1000,697151
923,-187.72476397070704,-126.93480181821158,923,698074
924,-79.06858275234879,-126.99954756754636,1000,699074
925,-196.5544330820699,-128.34055372761733,939,700013
926,-121.07287374864148,-128.89475764656743,151,700164
927,-153.83529240218644,-128.12015917963546,1000,701164
928,-176.7714887927662,-128.74957329463555,976,702140
929,-194.1911315110737,-129.44239211828753,827,702967
930,-152.39710370581605,-128.86627888256177,1000,703967
931,-149.11891000285772,-129.16277154809148,1000,704967
932,-120.17409774518256,-129.54489078490963,1000,705967
933,-152.30530591446805,-130.45366085259863,1000,706967
934,-93.11786981324002,-130.59589768802942,262,707229
935,-144.24685249203296,-130.96772704217597,1000,708229
936,-79.28861575573892,-130.75646410562533,1000,709229
937,-166.5654143708988,-131.45287669439978,1000,710229
938,-118.12075404395478,-131.78036548495294,1000,711229
939,-149.76018961341256,-132.1122984385769,1000,712229
940,-60.85446497312596,-131.50869590704505,1000,713229
941,-114.82473423080009,-131.54431093010405,1000,714229
942,-104.53599280513319,-131.82490431760496,388,714617
943,-173.83509851842408,-132.37089605305374,1000,715617
944,-154.6888494120301,-132.04638774775245,757,716374
945,-122.533988485178,-132.21232163531747,295,716669
946,-95.74404813979993,-132.2463715525516,1000,717669
947,-140.08026062437207,-132.45250496576932,1000,718669
948,-100.90469539657471,-131.99063186717413,451,719120
949,-106.68380455947954,-131.1966784086395,1000,720120
950,-126.06866791876084,-130.51820767899903,1000,721120
951,-114.4895562432539,-130.58057751664535,1000,722120
952,-154.67888989394532,-129.88163176469274,1000,723120
953,-122.16497129517367,-129.718801250937,1000,724120
954,-136.5104668707859,-129.43531210224938,1000,725120
955,-118.60259244876707,-129.8723211487046,1000,726120
956,-168.70874952370846,-130.26809217935698,1000,727120
957,-58.29926601354448,-129.87632474674797,1000,728120
958,-151.60705257931994,-129.72028744433143,1000,729120
959,-121.71782237281232,-129.65289631854836,1000,730120
960,-104.83566469716753,-129.67421942956685,1000,731120
961,-125.0377251948978,-129.99594587352212,1000,732120
962,-110.80731415396403,-130.08800909916496,1000,733120
963,-97.71595985898472,-129.04994297584966,1000,734120
964,-132.64076644340247,-129.00908795047647,681,734801
965,-79.43010370839829,-128.10606692619393,1000,735801
966,-65.26502530086823,-127.43616493553348,1000,736801
967,-134.8805898115654,-128.08976185019822,1000,737801
968,-73.75448539774771,-127.1387803519088,1000,738801
969,-146.6635245571804,-127.85404976098755,1000,739801
970,-161.5825055937357,-128.27923453460545,1000,740801
971,-110.35416062100946,-128.28978428480264,1000,741801
972,-146.4000944973512,-128.91472323552836,1000,742801
973,-123.38639836584872,-129.7411506177514,1000,743801
974,-120.71823911628881,-130.18085539453722,1000,744801
975,-118.24528975550338,-129.76135412285203,1000,745801
976,-56.678209473012146,-128.83234815652847,1000,746801
977,-161.0719193852485,-129.58558009712465,1000,747801
978,-58.529638728432786,-129.4664136319614,1000,748801
979,-150.52842066751705,-129.74166975435236,1000,749801
980,-98.13269053777157,-129.092481334843,1000,750801
981,-140.61771013449723,-128.64255420090302,1000,751801
982,-96.556571552559,-128.17802640452786,193,751994
983,-141.84785093401194,-128.0902661113228,1000,752994
984,-106.73635266738768,-127.98499309459878,1000,753994
985,-91.2105533515229,-127.3725585703365,219,754213
986,-73.67037054251604,-126.84304475236605,205,754418
987,-89.97439974251193,-126.38840037145606,1000,755418
988,-131.69677082959194,-125.56680057231935,1000,756418
989,-124.30629602642078,-125.31837581777532,1000,757418
990,-100.27288015518036,-125.15652036471796,1000,758418
991,-118.42259524370238,-124.96489940179863,1000,759418
992,-107.9163803575996,-124.67107317170357,1000,760418
993,-74.2362016803338,-123.96544057076152,1000,761418
994,-168.4797060293044,-123.81501091070037,1000,762418
995,-83.78930780402966,-123.17612964228407,1000,763418
996,-102.8176194026101,-122.69794741178217,287,763705
997,-166.91720134718796,-122.04660934900099,1000,764705
998,-158.3705992406334,-121.73122002109945,1000,765705
999,-70.51728205089027,-120.56521175434811,81,765786
1000,-131.4603559717455,-121.31012786736159,1000,766786
1001,-165.74909445178687,-122.29530620501885,1000,767786
1002,-275.9344048939204,-124.31613883336603,1000,768786
1003,-140.2958997149851,-125.08394445502587,1000,769786
1004,-81.2898335730662,-124.94786036865133,1000,770786
1005,-157.36504209967686,-125.31603840853155,1000,771786
1006,-158.79908989126474,-125.5142212373908,1000,772786
1007,-130.997609948509,-125.66718002391188,1000,773786
1008,-108.39267361336306,-125.12616449053212,1000,774786
1009,-80.18295317428507,-124.67201189997132,314,775100
1010,-167.88972981498728,-125.05455823508711,1000,776100
1011,-56.39476865535929,-123.40474968928449,1000,777100
1012,-178.1308966162013,-123.8164407740993,1000,778100
1013,-104.37938156443171,-123.82344930619556,1000,779100
1014,-230.99697492723163,-124.99906372060286,944,780044
1015,-95.93693510761406,-124.527362776706,1000,781044
1016,-191.0886408041992,-125.36492934864347,1000,782044
1017,-116.34750098121481,-125.67501731636865,1000,783044
1018,-146.17773932460142,-126.19884833328912,1000,784044
1019,-190.02487950426934,-127.06782940463837,549,784593
1020,-127.62628998418538,-127.16366624368875,1000,785593
1021,-103.91234919611213,-126.91771785917982,1000,786593
1022,-189.9032535344499,-127.36139324328236,1000,787593
1023,-122.39591609528891,-126.70810476452817,1000,788593
1024,-96.58589399504348,-126.8832778769551,1000,789593
1025,-261.8500241717294,-127.5362337878517,931,790524
1026,-116.6479119056824,-127.4919841694221,1000,791524
1027,-152.48367813739446,-127.4784680267742,1000,792524
1028,-214.797337359481,-127.85872651244135,965,793489
1029,-159.0239233746019,-127.50705443107661,772,794261
1030,-97.8409029973385,-126.96149242399184,177,794438
1031,-153.01871932572024,-127.00049051722048,1000,795438
1032,-149.0366859714894,-127.28911639948352,1000,796438
1033,-143.98851295826273,-127.2059484699215,1000,797438
1034,-102.55963164784728,-127.30036608826755,1000,798438
1035,-97.4958681839036,-126.83285624518626,430,798868
1036,-157.81444687677924,-127.61811455639665,1000,799868
1037,-158.18688349089553,-127.53432924759662,1000,800868
1038,-76.24343547868453,-127.11555606194388,1000,801868
1039,-79.81996803169864,-126.41615384612676,195,802063
1040,-182.12578223342354,-127.62886701872976,1000,803063
1041,-19.541460205274614,-126.67603427847449,1000,804063
1042,-151.8186871629249,-127.14886122205242,1000,805063
1043,-156.8687933500181,-126.97919817036836,1000,806063
1044,-93.471565081772,-126.36702532706579,290,806353
1045,-82.64741063794833,-125.96815954859349,1000,807353
1046,-253.19513779742607,-127.54267044516975,973,808326
1047,-117.73069186174261,-127.31917475754346,518,808844
1048,-49.97346147012652,-126.80986241827895,603,809447
1049,-103.61462086716412,-126.77917058135581,145,809592
1050,-223.51244273601264,-127.75360832952832,972,810564
1051,-108.3413093858905,-127.69212586095472,424,810988
